time,wind_speed,wind_angle,battery_voltage,battery_current,position_x,position_y,position_z,orientation_x,orientation_y,orientation_z,orientation_w,velocity_x,velocity_y,velocity_z,angular_x,angular_y,angular_z,linear_acceleration_x,linear_acceleration_y,linear_acceleration_z,node_ids
0.0,1.5,192.0,23.2856388092041,-0.0636141896247863,-79.78282100989298,40.45892218216397,269.6356676154137,-0.0099057704210281,0.0106699336320161,-0.97406405210495,0.2258036285638809,-0.0219405713187659,-0.0204347889922355,0.0146887435546571,0.0042336024343967,-0.0017127954633906,0.0016857361188158,-0.2737749325856566,0.1169763631001114,-9.804617637991903,14934.0
0.1,1.399999976158142,193.0,23.280630111694336,-0.0636141896247863,-79.782820947021,40.45892219737599,269.6390984289646,-0.0099043389782309,0.0107127437368035,-0.9740599393844604,0.2258197218179703,-0.0180293303355202,-0.0090710125667974,0.0138017310077661,0.0042292452417314,0.0002171966771129,0.0072279749438166,-0.2706604679860175,0.1055782577209174,-9.806904484033586,14934.0
0.31,1.399999976158142,192.0,23.28689193725586,-0.0397588685154914,-79.7828209130218,40.45892223203809,269.6419153146744,-0.0099157644435763,0.0106914769858121,-0.9740582704544068,0.2258270978927613,-0.0237951734704308,-0.0136481417295025,0.0143900050622683,0.0050503816455602,0.0015487725613638,0.0032021549995988,-0.2701060057617724,0.1137160470150411,-9.807131940722464,14934.0
0.4,1.399999976158142,189.0,23.27937889099121,-0.0477106422185897,-79.78282082902733,40.45892229949112,269.6449073337317,-0.0099360179156065,0.0107176881283521,-0.9740546345710754,0.2258407473564148,-0.0276550096371208,-0.0123720815300509,0.01343307243312,0.0012269780272617,0.0045245597139,0.0047487295232713,-0.2711668003164232,0.1033400349318981,-9.806044358611109,14934.0
0.6,1.2999999523162842,187.0,23.28689193725586,-0.0715659633278846,-79.78282078816675,40.458922349864174,269.6486249797344,-0.0099068731069564,0.0107494238764047,-0.974048912525177,0.2258649468421936,-0.0202846844840524,-0.0096857170724152,0.0132137618362124,0.0057472852058708,0.0006072927499189,0.006558671593666,-0.2742681269533932,0.1122538593783974,-9.806555989980698,14934.0
0.7,1.2999999523162842,184.0,23.284387588500977,-0.0397588685154914,-79.78282076994721,40.45892236706008,269.6499583803416,-0.0099135097116231,0.0107517838478088,-0.9740440845489502,0.2258857190608978,-0.0233940023466698,-0.0117679256542796,0.0134468138682044,0.0001444476220058,-0.0030824653804302,0.0067929993383586,-0.2696577618643642,0.1053527013771236,-9.80701207280159,14934.0
0.9,1.399999976158142,184.0,23.28188323974609,-0.0477106422185897,-79.78282072173123,40.45892244027854,269.6534880928993,-0.0098880333825945,0.0107569983229041,-0.9740464687347412,0.2258763313293457,-0.0211232604528873,-0.0126551523571047,0.0128457248844936,0.0073270755819976,0.0021126091014593,0.0036252180580049,-0.2705394488945603,0.1132248443551361,-9.806249011158943,14934.0
1.0,1.2999999523162842,189.0,23.28939437866211,-0.0238553211092948,-79.78282070418774,40.45892246022528,269.65478908348086,-0.0098951198160648,0.0107404058799147,-0.97404545545578,0.2258811295032501,-0.0240900732482047,-0.0148788225957681,0.0131082220663615,0.0019130541477352,0.0009988400852307,0.0038399037439376,-0.2711007815971971,0.1040966920461505,-9.805961912870409,14934.0
1.2,1.399999976158142,184.0,23.280630111694336,-0.0318070948123931,-79.78282066173689,40.45892249363629,269.6580107294321,-0.0098661463707685,0.0107700629159808,-0.9740415215492249,0.225897803902626,-0.0192430178695167,-0.0089180461376135,0.0127531369942456,0.0069995792582631,0.0036235998850315,0.0029692810494452,-0.2710554108582437,0.1127378078363835,-9.805742057561876,14934.0
1.3,1.399999976158142,183.0,23.284387588500977,-0.0397588685154914,-79.7828206442201,40.458922509803216,269.65929851758483,-0.0098930401727557,0.0107646035030484,-0.9740387797355652,0.2259087413549423,-0.0222486869805469,-0.0110646546978276,0.0129820536059354,0.0012040110304951,0.0034902137704193,0.0025158324278891,-0.2697660084441305,0.1030675820913165,-9.80686823129654,14934.0
1.5,1.399999976158142,182.0,23.288143157958984,-0.0318070948123931,-79.78282060777964,40.45892255004329,269.66214931833747,-0.0098477154970169,0.0107883233577013,-0.9740347266197203,0.2259269803762436,-0.0189895213605067,-0.0090011781808958,0.0126026323050174,0.0043078958988189,0.0012703635729849,0.0013322136364877,-0.2698428993299604,0.1119158903136849,-9.806136159896852,14934.0
1.6,1.5,180.0,23.288143157958984,-0.0318070948123931,-79.78282057664406,40.45892259239674,269.66369756388667,-0.0098526896908879,0.0108082480728626,-0.9740332961082458,0.2259320765733719,-0.0159831717768674,-0.0068604172850143,0.0123053127801752,0.0018498915014788,0.0013597517972812,0.0029179668053984,-0.2704201474227011,0.1024361467547714,-9.807172871232034,14934.0
1.81,1.5,180.0,23.288143157958984,-0.0318070948123931,-79.78282054509107,40.45892262140949,269.66621329712865,-0.0098598413169384,0.0107890171930193,-0.9740332365036012,0.2259329557418823,-0.0213480664101313,-0.0112048121871364,0.0128901187934949,0.0030396687798202,0.0032237600535154,0.0059454161673784,-0.2743724632076919,0.1128200251702219,-9.805823333859443,14934.0
1.91,1.5,179.0,23.28188323974609,-0.0397588685154914,-79.78282054641991,40.45892266724189,269.667451687932,-0.0098347468301653,0.0108156083151698,-0.9740278720855712,0.2259559631347656,-0.0144114997852335,-0.0118579140812753,0.012193659876739,0.0027987647335976,0.0005008779698982,0.0037882290780544,-0.2703538911603391,0.1043592320289462,-9.808035335540774,14934.0
2.1,1.5,180.0,23.2856388092041,-0.0397588685154914,-79.78282049006495,40.45892270090653,269.66997005867955,-0.0098008569329977,0.0108327018097043,-0.9740257263183594,0.2259658873081208,-0.0141975877598084,-0.0049841227550122,0.0120688644406853,0.0045118806883692,0.0019939837511628,0.0044979094527661,-0.2708608447574079,0.1099621437024325,-9.807226080894472,14934.0
2.2,1.5,181.0,23.280630111694336,-0.0477106422185897,-79.78282047589525,40.45892271193874,269.67119006145003,-0.0097984159365296,0.0108099514618515,-0.9740229845046996,0.2259789705276489,-0.0173212309858531,-0.007066946964086,0.0124819931301945,-0.0013099509524181,0.0017264860216528,-0.0021407264284789,-0.2722462511435151,0.1026609721966088,-9.80813649237156,14934.0
2.4,1.5,183.0,23.28939437866211,-0.0318070948123931,-79.78282049458487,40.45892277092437,269.67347761321065,-0.0097799217328429,0.0108209801837801,-0.9740226268768308,0.2259806394577026,-0.0097804646394205,-0.0124067786267371,0.011864792390987,0.0082226898521184,0.0026596747338771,0.0070385597646236,-0.2709605946019292,0.1079978355579078,-9.80716351568699,14934.0
2.5,1.5,182.0,23.284387588500977,-0.0397588685154914,-79.78282048891602,40.45892278618403,269.67469907629487,-0.0097886407747864,0.0108264293521642,-0.9740198850631714,0.2259918749332428,-0.013101380849646,-0.0143775883231818,0.0121694668432521,-0.0019330017967149,0.0006576116429641,0.0006203203229233,-0.2709021224454045,0.1070219078566879,-9.806790463328364,14934.0
2.7,1.5,180.0,23.284387588500977,-0.0318070948123931,-79.78282046806198,40.45892281692504,269.67738796103004,-0.0097677437588572,0.0108418762683868,-0.9740135073661804,0.2260194420814514,-0.0118670138054538,-0.0102862569149445,0.0122141143779014,0.0084024043753743,0.0051167723722755,0.0054199672304093,-0.2701422767713666,0.1058005432784557,-9.807369922399523,14934.0
2.8,1.399999976158142,179.0,23.28939437866211,-0.0238553211092948,-79.78282045897505,40.45892283126911,269.6786372147799,-0.0097758891060948,0.0108344452455639,-0.97400963306427,0.2260359972715377,-0.0152193561421943,-0.0122175410200104,0.0125449944131155,-0.0035854110028594,0.001386801013723,0.0006003224407322,-0.272660380192101,0.1046548179164529,-9.807582761049272,14934.0
3.0,1.399999976158142,178.0,23.288143157958984,-0.0159035474061965,-79.78282041050045,40.45892286802125,269.68110290992263,-0.0097643556073308,0.0108592314645648,-0.974008560180664,0.226040318608284,-0.0169523061124429,-0.0089448533986351,0.0124332100877181,0.006638600025326,0.002956748008728,0.002821845235303,-0.2732575088180601,0.1083372207451611,-9.807009149193764,14934.0
3.1,1.399999976158142,177.0,23.28313446044922,-0.0318070948123931,-79.78282040800299,40.45892288906271,269.6826141260862,-0.0097418138757348,0.0108897546306252,-0.9740034937858582,0.2260614484548569,-0.0128784267135264,-0.0051210333063006,0.0121037213044723,-0.0013278293190523,0.0004907940747216,0.0025107362307608,-0.2719427075609565,0.1079193366877734,-9.807604395747186,14934.0
3.3,1.399999976158142,177.0,23.284387588500977,-0.0238553211092948,-79.78282039615998,40.45892289940021,269.6838318340778,-0.0097394520416855,0.0108800688758492,-0.9740001559257508,0.2260762602090836,-0.0155213984616689,-0.0071351784938232,0.0124191820106969,-0.0018021023133769,0.0011266245273873,-0.0061975512653589,-0.2741228419169784,0.1239197489619255,-9.805520448088648,14934.0
3.4,1.399999976158142,175.0,23.28313446044922,-0.0238553211092948,-79.78282041449545,40.45892294608901,269.6863287322521,-0.0096905529499053,0.0109135489910841,-0.9739974141120912,0.2260885685682297,-0.0111496068952599,-0.0105313625111195,0.011975661140285,-0.0016785472398623,-0.0033319757785648,-0.0006688038120046,-0.2731523685716093,0.1057327795308083,-9.80674017727375,14934.0
3.6,1.399999976158142,175.0,23.274370193481445,-0.0874695107340812,-79.7828203912121,40.45892298420736,269.6891375266314,-0.0096908183768391,0.0109420381486415,-0.9739950299263,0.2260975539684296,-0.0129671178008626,-0.0081626675192543,0.0119439273896095,0.0046622948721051,0.0045664836652576,0.0035559115931391,-0.2703888282738626,0.1077393338084221,-9.80644138455391,14934.0
3.7,1.399999976158142,174.0,23.284387588500977,-0.0318070948123931,-79.78282038000928,40.45892299723138,269.6903516583443,-0.0096870455890893,0.0109498417004942,-0.9739879369735718,0.2261281311511993,-0.0160819030100806,-0.0100462929424535,0.012208723559574,-0.0034674780908972,-0.0018077230779454,0.0017320369370281,-0.2718122232891619,0.1075336945429444,-9.806406301259996,14934.0
3.9,1.399999976158142,172.0,23.284387588500977,-0.0318070948123931,-79.7828204160808,40.45892303106847,269.6928264729977,-0.0096540050581097,0.0109473606571555,-0.9739867448806764,0.2261345833539963,-0.0080494419243406,-0.0112434578921545,0.0119056529725356,0.0090453037992119,0.0015949780354276,0.0075087458826601,-0.270539521984756,0.1058066828548908,-9.806809759140014,14934.0
4.0,1.5,169.0,23.28313446044922,-0.0397588685154914,-79.78282041172531,40.45892304459249,269.6940596334934,-0.0096667483448982,0.0109338704496622,-0.9739837050437928,0.2261479943990707,-0.0112025880398764,-0.0131012518539639,0.0123543468201163,-0.0013725882163271,-0.0013080242788419,0.0023096452932804,-0.2729288404807448,0.105535883679986,-9.807688010931017,14934.0
4.2,1.5,169.0,23.2856388092041,-0.0397588685154914,-79.78282042042855,40.458923051995065,269.696185030818,-0.0096599115058779,0.0109551018103957,-0.9739819765090942,0.2261544913053513,-0.0085328274785664,-0.0072910968019305,0.0121772590602493,0.008124585263431,0.0039641894400119,0.0049283625558018,-0.2726502572000027,0.1070684206299483,-9.807347702980042,14934.0
4.3,1.5,170.0,23.29816055297852,0.0079517737030982,-79.78282041349338,40.45892306243547,269.6974271618128,-0.0096701625734567,0.0109374020248651,-0.973977029323578,0.2261761575937271,-0.0116603745977764,-0.0090159417496729,0.0125242773690743,-0.0020458514336496,0.0001781546598067,-0.0022465006913989,-0.2727515053935349,0.1081189460121095,-9.807133110165596,14934.0
4.51,1.5,167.0,23.284387588500977,-0.0318070948123931,-79.78282039081999,40.458923080793774,269.6994696788788,-0.0096806501969695,0.0109677892178297,-0.9739704728126526,0.2262023985385895,-0.01363792361522,-0.0056094067254261,0.0121176651771367,0.0068294052034616,0.001075871521607,0.0025986160617321,-0.2694404098950326,0.1059003388043493,-9.80560464799404,14934.0
4.6,1.5,165.0,23.284387588500977,-0.0397588685154914,-79.78282038754459,40.45892313735629,269.70198810923097,-0.0096889156848192,0.0109753375872969,-0.9739649295806884,0.2262256890535354,-0.0179984299389259,-0.0101432597275255,0.0145729756724089,-0.0017724822973832,-0.0011571975192055,-0.0002359448408242,-0.2733753119409085,0.1100506467930972,-9.806143761277198,14934.0
4.8,1.5,171.0,23.28313446044922,0.0,-79.78282035698663,40.45892317248418,269.7049373619557,-0.0096686072647571,0.0109628327190876,-0.9739558696746826,0.2262661755084991,-0.0217562781733855,-0.0141847209524419,0.014786093677626,0.0046203527599573,-0.0004454861918929,0.0058393510989844,-0.2700572728738189,0.1034737443085759,-9.805975361466407,14934.0
4.9,1.5,169.0,23.28188323974609,0.0477106422185897,-79.78282040517382,40.458923188775785,269.70543482232097,-0.0096351942047476,0.0109606543555855,-0.9739562273025512,0.2262660861015319,-0.0142073177134465,-0.0134357862501363,0.0134229451806576,-0.0039637750014662,-0.0011931638000532,-0.0008366630645468,-0.271397034432739,0.1100383128225803,-9.80661855518818,14934.0
5.1,1.5,171.0,23.2856388092041,0.0238553211092948,-79.78282041683342,40.45892319243037,269.7075332336425,-0.0096004176884889,0.0109837362542748,-0.9739570021629332,0.2262633740901947,-0.0088923167901887,-0.0063957956020143,0.0127620498793654,0.0052706007845699,0.0016829717205837,0.0066546876914799,-0.2706093596667051,0.1062298294063657,-9.807272273898125,14934.0
5.2,1.399999976158142,165.0,23.28188323974609,0.0477106422185897,-79.78282040919761,40.45892320229565,269.7088319592476,-0.0096199754625558,0.0109845735132694,-0.9739512801170348,0.2262870222330093,-0.0119976612549093,-0.0082043572315753,0.0131448442700803,-0.0052451267838478,0.0002657456789165,-0.0017754605505615,-0.2732148972339928,0.1091611939296126,-9.806562421917915,14934.0
5.4,1.399999976158142,163.0,23.28188323974609,0.0477106422185897,-79.78282045143342,40.4589232163359,269.71036847758296,-0.0095906881615519,0.010999783873558,-0.973950445652008,0.2262909412384033,-0.0056940657446097,-0.0077264411251131,0.0122695620523679,0.0061253979802131,0.0039545176550745,0.007615509442985,-0.2705524406768381,0.1056206226255744,-9.80676590502262,14934.0
5.5,1.5,166.0,23.28188323974609,0.0636141896247863,-79.78282044769915,40.45892322599907,269.7116199963093,-0.0095964223146438,0.0109881730750203,-0.9739466905593872,0.2263075560331345,-0.0088240885626884,-0.0094028264780389,0.0124810927058125,-0.0044719944708049,-0.0010959602659568,0.0002709126565605,-0.2726286407746375,0.1088546079676598,-9.806201063990594,14934.0
5.7,1.600000023841858,169.0,23.276874542236328,0.1908425688743592,-79.78282048398992,40.458923249790814,269.71342936980733,-0.0095680383965373,0.0110172666609287,-0.9739357829093932,0.226354256272316,-0.0063082362055482,-0.0101833518044257,0.0121401933161341,0.0035475825425237,0.0032450139988213,0.0052470266819,-0.2727511033974588,0.1052856411226093,-9.805766031146051,14934.0
5.81,2.400000095367432,165.0,23.27937889099121,0.0,-79.78282048099912,40.45892326162723,269.71467994976047,-0.0095657920464873,0.0110121481120586,-0.9739294648170472,0.2263818532228469,-0.0092093858286251,-0.0118617676234765,0.012475067343435,-0.002305296016857,0.0005622713943012,-0.0013379759620875,-0.2730859478563069,0.107792653106153,-9.806390513777734,14934.0
6.01,2.5,161.0,23.27937889099121,0.0079517737030982,-79.78282052734025,40.45892325524451,269.71820847022536,-0.0095318164676427,0.0110362907871603,-0.9739199876785278,0.2264226973056793,-0.0038923799712541,-0.0082118950188142,0.0153682866235578,0.0067869825288653,0.0030675919260829,0.0083178617060184,-0.2703685091994703,0.1052332719974219,-9.807171701788905,14934.0
6.1,2.700000047683716,163.0,23.27311897277832,0.0079517737030982,-79.78282052976607,40.458923256862064,269.71982615518573,-0.0095519321039319,0.011055989190936,-0.9739140868186952,0.2264463007450104,-0.0067814223075048,-0.0028732764838782,0.0174087333164661,-0.0033049716148525,0.0016590972663834,-0.0012537873117253,-0.2734923476167023,0.1061176999099552,-9.807703213691711,14934.0
6.31,2.700000047683716,162.0,23.27812767028809,0.0397588685154914,-79.78282051542486,40.45892327072183,269.72335452663896,-0.0095498310402035,0.0110314916819334,-0.973911464214325,0.226458728313446,-0.0101052269828603,-0.0066408158442817,0.0178457034985388,0.002863893751055,0.0021482065785676,0.0041322186589241,-0.2707540782541037,0.1067430413514375,-9.806200479269028,14934.0
6.4,2.700000047683716,164.0,23.27937889099121,0.0318070948123931,-79.78282057311357,40.458923284982966,269.72209062504766,-0.0095313945785164,0.0110464189201593,-0.9739032983779908,0.2264938503503799,-0.0054101690593767,-0.0083779663257687,0.0150986909903058,-0.0017075514188036,-0.0014094971120357,0.0026837887708097,-0.2694989916868508,0.1075279660988599,-9.807690934538842,14934.0
6.6,2.700000047683716,164.0,23.27311897277832,0.0318070948123931,-79.78282055945755,40.4589233134576,269.7249855332375,-0.0095065664499998,0.0110684679821133,-0.9738969206809998,0.2265215367078781,-0.0111528314126687,-0.0076921877499181,0.0168049584056551,0.0079863537102937,0.0022153607569634,0.0074686771258711,-0.2718338214419782,0.1057335287053138,-9.807316128015517,14934.0
6.7,2.700000047683716,169.0,23.274370193481445,0.0079517737030982,-79.78282054990402,40.45892332508145,269.7266898684502,-0.0095194932073354,0.0110733611509203,-0.9738898277282716,0.2265511453151703,-0.0138887903586502,-0.0092406863672896,0.0171045349128246,-0.0049154064618051,-0.0001585311256349,0.0022013250272721,-0.2710834044031799,0.1049133562110364,-9.806878756284712,14934.0
6.9,2.799999952316284,174.0,23.27937889099121,0.055662415921688,-79.78282058471343,40.45892333477751,269.727326952696,-0.0094813220202922,0.0110604101791977,-0.9738895893096924,0.2265542447566986,-0.0077504368622606,-0.0086465296933933,0.015005229493009,0.0045991679653525,0.0016026151133701,0.0054514575749635,-0.2719205246865749,0.1083163809031248,-9.806875247955324,14934.0
7.0,2.700000047683716,179.0,23.276874542236328,0.0636141896247863,-79.78282057937906,40.45892334580784,269.7288627408743,-0.0094931535422801,0.0110710300505161,-0.9738869071006776,0.2265650779008865,-0.0103588783784051,-0.0101667871963911,0.0154127848711308,-0.0006944303167983,-0.0048433952033519,-0.0006992704002186,-0.2713568348251283,0.1072647957131266,-9.80739974319935,14934.0
7.2,2.5999999046325684,177.0,23.284387588500977,0.055662415921688,-79.78282059773142,40.458923391128415,269.73126753497127,-0.0094726514071226,0.0110775250941514,-0.973879873752594,0.2265956252813339,-0.0114605085277156,-0.0140941985066966,0.0174911130741709,0.0066930018365383,0.001153040677309,0.0047291712835431,-0.2708981573022902,0.1068401325400918,-9.80748569726944,14934.0
7.3,2.299999952316284,180.0,23.280630111694336,0.0477106422185897,-79.78282059128883,40.45892340803289,269.73305571901795,-0.009453278966248,0.0110601549968123,-0.9738743901252748,0.226621001958847,-0.0139349492680541,-0.0157086056708199,0.0178305230951549,-8.738574251765384e-05,0.003210132010281,0.0031729426700621,-0.2712433622963727,0.10600943505764,-9.80769853591919,14934.0
7.5,1.7000000476837158,181.0,23.276874542236328,0.0477106422185897,-79.78282063783024,40.45892336196216,269.7351789258719,-0.0094470335170626,0.0110827572643756,-0.9738650918006896,0.2266603410243988,-0.0040999959185894,-0.0065222085759153,0.0191253551177168,0.0055803302675485,0.0004243820731062,0.0081321196630597,-0.2707483224011958,0.1083012695051729,-9.807513763904574,14934.0
7.6,1.399999976158142,186.0,23.27937889099121,0.055662415921688,-79.78282065217563,40.45892336541318,269.7346745662689,-0.0094664394855499,0.0110936481505632,-0.973858654499054,0.2266866117715836,-0.0040480362620216,-0.0043440982727776,0.0196102041492828,0.0005482331616804,-0.0022191279567778,0.0019180009840056,-0.271460330542177,0.1052916345186531,-9.80756814301014,14934.0
7.8,1.399999976158142,185.0,23.28188323974609,0.055662415921688,-79.78282064521585,40.45892337937037,269.7386515222788,-0.0094719612970948,0.0110862515866756,-0.9738516211509703,0.2267167866230011,-0.0071765328857054,-0.0081133727922386,0.0199531918471156,0.0045647812075912,0.0022263540886342,0.0066064391285181,-0.2719921896234155,0.108078591087833,-9.805859001874923,14934.0
7.91,1.399999976158142,182.0,23.276874542236328,0.0238553211092948,-79.78282064393197,40.45892339201449,269.73562943267825,-0.0094863213598728,0.011092560365796,-0.9738460183143616,0.2267398685216904,-0.0103815849541653,-0.0062395740561475,0.0169174268906122,-0.0034512679558247,-0.0023881492670625,0.0009751869947649,-0.2716423434019089,0.1055784587189555,-9.807205615639688,14934.0
8.1,1.399999976158142,183.0,23.27812767028809,-0.0238553211092948,-79.78282067796067,40.45892340880032,269.7338212661744,-0.009447724558413,0.0110977841541171,-0.9738397002220154,0.2267681360244751,-0.0057537779915944,-0.0091811028845228,0.0142656522535481,0.0066071352921426,0.0043135373853147,0.0046418383717536,-0.2701033927872777,0.1079493950307369,-9.806156625151637,14934.0
8.2,1.399999976158142,184.0,23.28188323974609,-0.0397588685154914,-79.78282067503734,40.45892341952509,269.73528286147115,-0.0094832079485058,0.0110949305817484,-0.9738345742225648,0.2267891168594361,-0.0083289759236731,-0.0107564947185978,0.014553968698496,-0.0017841304652392,0.001174047240056,0.0004975422634743,-0.2714205877482891,0.1076460798550397,-9.806481730341911,14934.0
8.4,1.399999976158142,182.0,23.280630111694336,-0.0238553211092948,-79.78282071030144,40.45892339916706,269.73284673023227,-0.0095025058835744,0.0111128808930516,-0.97382390499115,0.2268333286046981,-0.0013575434886438,-0.0055882643823328,0.0129719499320017,0.009883290156722,0.0025239831302315,0.0068126320838928,-0.2718814579769969,0.1068569158762693,-9.806413317918777,14934.0
8.5,1.5,180.0,23.284387588500977,-0.0318070948123931,-79.78282070999013,40.458923405176456,269.7341747813225,-0.0095269856974482,0.0110972458496689,-0.9738152027130128,0.2268702983856201,-0.0041065328140546,-0.0071061006688928,0.0133020146178398,-0.0020474307239055,0.001177018857561,0.0031165259424597,-0.2719836928881705,0.1064367751590907,-9.807317882180213,14934.0
8.7,1.5,180.0,23.28313446044922,-0.0318070948123931,-79.78282071625421,40.4589234079435,269.73164617347715,-0.0095188803970813,0.0111052589491009,-0.9738077521324158,0.2269021719694137,-0.0051816113739529,-0.006564124578077,0.0122920344629956,0.0082850223407149,0.0004901859210804,0.0035378891043365,-0.2702621081471443,0.1074337802454829,-9.8060882127285,14934.0
8.8,1.5,178.0,23.284387588500977,-0.0238553211092948,-79.7828207126661,40.45892341636085,269.7329087786675,-0.0095255933701992,0.0110897049307823,-0.973799169063568,0.2269393801689148,-0.007841583682245,-0.0081819984945412,0.0126789510026108,-0.002821787726134,0.0008848306024447,0.0012246997794136,-0.2722771317511797,0.1064119610376656,-9.806486408114433,14934.0
9.0,1.5,179.0,23.284387588500977,-0.0318070948123931,-79.7828206881888,40.45892343227549,269.7294130854607,-0.0095114344730973,0.0110868941992521,-0.9737913608551024,0.2269738614559173,-0.0121200985026523,-0.0082354544609949,0.0119352473702166,0.0050260215066373,0.0033620437607169,0.0042107691988348,-0.273003337662667,0.1088589751068502,-9.806989853382111,14934.0
9.1,1.600000023841858,176.0,23.280630111694336,-0.0318070948123931,-79.78282071461264,40.45892340284836,269.7260865055323,-0.0094739124178886,0.0111116347834467,-0.9737817049026488,0.227015420794487,-0.0037527005476745,-0.0022978816451894,0.014535613717099,-0.0011664245976135,0.0008598085842095,0.0062190713360905,-0.2702046957984567,0.1057739293109625,-9.807268765568734,14934.0
9.3,1.7000000476837158,174.0,23.28188323974609,-0.0238553211092948,-79.7828207063718,40.45892341336875,269.7290319137573,-0.0094855315983295,0.0111023467034101,-0.9737700819969176,0.2270653992891312,-0.0067980220332229,-0.0059128810579099,0.0148135698410032,0.0073291501030325,0.0035576364025473,0.0004587206058204,-0.2711997639946639,0.110965973585844,-9.806392852663995,14934.0
9.4,1.7000000476837158,174.0,23.2856388092041,-0.0318070948123931,-79.78282072795805,40.45892339946028,269.7223426781893,-0.0094504225999116,0.0111306700855493,-0.9737637639045716,0.2270924299955368,-0.0018090227074519,-0.0043060716896512,0.0128538164977093,0.0009405857999809,1.1504083886393346e-05,0.0027321979869157,-0.272007154840976,0.1028747062012553,-9.80728162944317,14934.0
9.6,1.7999999523162842,173.0,23.284387588500977,-0.0318070948123931,-79.78282071159725,40.4589234121311,269.71884957778457,-0.0094206416979432,0.0111442916095256,-0.973763108253479,0.2270958721637725,-0.0037437872082729,-0.0063130561139654,0.0146492892524995,0.0063376878388226,0.0029156536329537,0.0048502152785658,-0.2706773335486651,0.1108690103050321,-9.806084704399108,14934.0
9.7,1.7999999523162842,172.0,23.2856388092041,-0.0318070948123931,-79.78282070943146,40.45892341957917,269.720333971858,-0.0094103263691067,0.0111563764512538,-0.9737612009048462,0.2271041572093964,-0.0058798476347716,-0.0079335705098795,0.0148176073067052,-0.0019125869730487,-0.0011139576090499,0.0034934831783175,-0.2717227791622281,0.1066256036795675,-9.806945999264718,14934.0
9.9,1.7999999523162842,171.0,23.28313446044922,-0.0238553211092948,-79.7828206828699,40.45892343413512,269.7144629888535,-0.0093874102458357,0.0111518520861864,-0.973758339881897,0.2271173596382141,-0.0069618668772738,-0.008693813624136,0.0131248499978062,0.0046849651262164,0.0032677624840289,0.0044755628332495,-0.2700760205090046,0.1120140139013528,-9.806578794121744,14934.0
10.0,1.7999999523162842,172.0,23.284387588500977,-0.0318070948123931,-79.78282067875335,40.45892344481212,269.7158071779013,-0.0093918936327099,0.0111334659159183,-0.9737536311149596,0.2271383106708526,-0.0089614736760295,-0.0103414665392059,0.0134096544752117,0.0007174100610427,0.0007352814427576,0.003897565184161,-0.2723366454429925,0.1047231389768421,-9.807219064235689,14934.0
10.2,1.7000000476837158,173.0,23.275623321533203,-0.0397588685154914,-79.78282064813567,40.45892344148161,269.708939411521,-0.0093714520335197,0.0111759370192885,-0.9737514853477478,0.2271461635828018,-0.0078806810944028,-0.0075397657367366,0.0119404773220526,0.0043234853073954,0.0044155442155897,0.0038300056476145,-0.2740343296900392,0.1128389829397201,-9.805032790303231,14934.0
10.3,1.7000000476837158,171.0,23.28313446044922,-0.0318070948123931,-79.78282064243939,40.458923451604,269.71015579330924,-0.0093815308064222,0.0111733758822083,-0.9737429618835448,0.2271823734045029,-0.0099499782864456,-0.0089693580829434,0.0122240825206244,-0.0017192716477438,-4.413466012920253e-05,0.0040279449895024,-0.2698521635122597,0.1045702251512557,-9.807515518069268,14934.0
10.5,1.7000000476837158,171.0,23.28188323974609,-0.0397588685154914,-79.78282060322809,40.45892341670746,269.70259208309653,-0.0093561876565217,0.011203215457499,-0.9737417697906494,0.2271869331598281,-0.0068773957495061,-0.0031241209579432,0.0112089072696941,0.008402980864048,0.0044723208993673,0.0042515057139098,-0.2732796916924417,0.1124566663987934,-9.806135575175286,14934.0
10.6,1.600000023841858,170.0,23.28313446044922,-0.0318070948123931,-79.7828205624687,40.45892341963969,269.6941738955975,-0.0093511110171675,0.0112265450879931,-0.9737371802330016,0.2272059023380279,-0.0069704462375284,-0.0037190130112099,0.0104551232620734,0.000521826732438,-0.0003527600201778,0.0027406683657318,-0.2711684448458255,0.1047610453795641,-9.807061774134636,14934.0
10.8,1.600000023841858,172.0,23.284387588500977,-0.0397588685154914,-79.78282054922448,40.45892343459822,269.69629856276515,-0.0093635916709899,0.0112004214897751,-0.9737253785133362,0.2272573113441468,-0.0096221342690603,-0.0070146237045794,0.0107612700744355,0.0063367141410708,0.000142923061503,-0.0008480429532937,-0.270824500657618,0.1117091821040958,-9.806461849808692,14934.0
10.91,1.5,173.0,23.275623321533203,-0.0477106422185897,-79.78282050263107,40.45892343406561,269.68740322518346,-0.0093704620376229,0.0112099153921008,-0.973718762397766,0.2272848188877105,-0.0087795732232076,-0.0064793478786567,0.0100309647259893,0.0003933667612727,0.0039623011834919,0.0021983983460813,-0.2721202801913023,0.1040639385022223,-9.807507331967354,14934.0
11.1,1.5,173.0,23.2856388092041,-0.0238553211092948,-79.78282044161145,40.45892340350576,269.6787482731342,-0.0093680452555418,0.0112317623570561,-0.9737077951431274,0.2273308336734772,-0.0052643713725333,-0.0004061617750359,0.0094563284462123,0.0046159522607922,0.0015467556659132,0.0028082348871976,-0.2733128929138184,0.1122282412648201,-9.806004012823106,14934.0
11.2,1.399999976158142,172.0,23.2856388092041,-0.0477106422185897,-79.78282043505996,40.458923406810925,269.6796952568293,-0.009357719682157,0.0112238088622689,-0.9737005829811096,0.2273624688386917,-0.0072086297989584,-0.0018397570098634,0.0095618525232485,-0.0003144708462059,0.0031563357915729,0.0014725372893735,-0.2698290670104325,0.1037165225297212,-9.80686823129654,14934.0
11.4,1.399999976158142,170.0,23.28313446044922,-0.0397588685154914,-79.7828203711669,40.458923369718725,269.6701764397621,-0.0093482686206698,0.0112179853022098,-0.9736950397491456,0.2273866832256317,-0.0047540758543039,0.0023219024448597,0.0089821143423523,0.0035695384722203,0.0023805862292647,0.0053014177829027,-0.2750376753509044,0.1201767269521951,-9.805096524953845,14934.0
11.5,1.399999976158142,170.0,23.284387588500977,-0.0318070948123931,-79.78282036374544,40.45892337063218,269.67107125449184,-0.0093374112620949,0.0112131107598543,-0.9736906886100768,0.2274062186479568,-0.0066204157455695,0.000890905045909,0.0091266057330753,0.0003012748493347,-0.0007698728586547,0.0012401056010276,-0.2697975651361048,0.1059882937185466,-9.80646828174591,14934.0
11.7,1.399999976158142,170.0,23.28313446044922,-0.0477106422185897,-79.78282031411626,40.45892335398296,269.66184675025943,-0.0093323774635791,0.0112048191949725,-0.9736801981925964,0.2274517714977264,-0.004118766082035,-0.0010308344157524,0.0088005009768579,0.0085052186623215,0.0044324430637061,0.0066951592452824,-0.2681461835280061,0.109247330725193,-9.806680535674095,14934.0
11.8,1.5,169.0,23.2856388092041,-0.0477106422185897,-79.78282030902506,40.45892335751368,269.66274360644815,-0.0093220761045813,0.0111759789288043,-0.9736769199371338,0.2274678647518158,-0.0062450087294134,-0.0026384548483471,0.0091130008561032,-0.0009370581828989,-0.0010372214019298,0.0025990733411163,-0.2706249461509287,0.1029970409162342,-9.80782542049885,14934.0
12.0,1.5,169.0,23.284387588500977,-0.0397588685154914,-79.78282020391792,40.45892337418263,269.6505427591801,-0.0093233864754438,0.0111632337793707,-0.9736721515655518,0.2274886965751648,-0.0120972370796571,-0.0066441055819026,0.0057283462860929,0.0069715627469122,0.0025766708422452,0.0043314872309565,-0.2721106505580246,0.1119000206049531,-9.806243748664857,14934.0
12.1,1.5,169.0,23.28188323974609,-0.0318070948123931,-79.78282012994359,40.45892336061286,269.639139228344,-0.0093344738706946,0.0111887510865926,-0.9736647605895996,0.2275184988975525,-0.0104846747691053,-0.0056602542719411,0.0062427017322514,0.0013436225708574,-0.000384650833439,0.0036667820531874,-0.272425303850323,0.1058512587379664,-9.806461849808692,14934.0
12.3,1.5,167.0,23.27812767028809,-0.0318070948123931,-79.78282012128533,40.4589233701868,269.63977747488025,-0.0093208169564604,0.0111762201413512,-0.973662495613098,0.2275295108556747,-0.0124136176519084,-0.0071821480156571,0.0065649652456174,-0.0048436089418828,0.0015492668608203,-0.0093467207625508,-0.2737027377448976,0.1227465142775327,-9.805496474504473,14934.0
12.4,1.5,165.0,23.28313446044922,-0.0238553211092948,-79.78282003381167,40.458923357374665,269.6286277406216,-0.0093309329822659,0.0111984517425298,-0.9736539721488952,0.2275643944740295,-0.0110340566398138,-0.0069368760166525,0.0068591091600724,-0.0021884571760892,0.0009959875606,0.0021716319024562,-0.2701509014144539,0.1053846874739974,-9.806729067564012,14934.0
12.6,1.5,166.0,23.28313446044922,-0.0397588685154914,-79.78281996924609,40.45892330959005,269.6168875627518,-0.0093155289068818,0.0112352697178721,-0.9736472964286804,0.2275917381048202,-0.0028725468814171,-0.0030980928629819,0.006900436068221,0.0057406034320592,0.0027513070963323,0.0034144085366278,-0.2708107962459326,0.1068979834299534,-9.805887653231624,14934.0
12.7,1.5,167.0,23.284387588500977,-0.0397588685154914,-79.78281996668889,40.45892331410937,269.61759834814075,-0.0093189915642142,0.0112417722120881,-0.9736410975456238,0.2276180684566497,-0.0050106169656516,-0.0044372256916865,0.0072377099024795,-0.0013545904075726,0.0006704417755827,0.0006658666534349,-0.2722837646864354,0.1071028095670044,-9.806882264614108,14934.0
12.91,1.5,167.0,23.27311897277832,-0.0477106422185897,-79.78281989205189,40.45892326476008,269.60379045534137,-0.009315425530076,0.0112543608993291,-0.9736354947090148,0.2276414036750793,-0.0004255151685654,-0.0011829523262478,0.0040265313448658,0.004829638171941,-0.0015373368514701,0.0053947414271533,-0.273248628359288,0.1240927534550428,-9.804151614904406,14934.0
13.0,1.5,165.0,23.27937889099121,-0.0715659633278846,-79.7828198910997,40.45892326687736,269.60420321750644,-0.0093065379187464,0.0112565411254763,-0.9736315011978148,0.2276587933301925,-0.0028366700990585,-0.0025957251668964,0.0041429916289859,-0.0053598578087985,-0.0036338174249976,-0.0048775244504213,-0.273226957116276,0.108920288644731,-9.805922736525536,14934.0
13.2,1.399999976158142,164.0,23.27937889099121,-0.0715659633278846,-79.7828197841107,40.45892318772694,269.59165515828136,-0.0093290284276008,0.01125980168581,-0.9736249446868896,0.2276856154203415,-0.0002373216271328,0.0049967585899746,0.0051663941019685,0.0038326710928231,0.003088996047154,0.0055474145337939,-0.2690961002558469,0.1056222945638001,-9.806940736770631,14934.0
13.3,1.399999976158142,163.0,23.28313446044922,-0.0477106422185897,-79.78281978006581,40.45892318479524,269.5921671025753,-0.0093326149508357,0.0112630482763052,-0.9736242294311525,0.2276884615421295,-0.0028000333889751,0.0036662906206082,0.0053333291617572,-0.0036490415222942,-0.0024035172536969,-0.0036792214959859,-0.273484563510865,0.1118324761278927,-9.805661950707435,14934.0
13.5,1.399999976158142,163.0,23.28689193725586,-0.0477106422185897,-79.78281963332725,40.45892319028678,269.57908605861667,-0.0093399146571755,0.0112618776038289,-0.9736135005950928,0.2277338355779648,-0.0104818037099218,-0.0020807796209164,0.0058395554903265,0.0053774756379425,0.0019769119098782,0.0057777022011578,-0.2693431085720658,0.1025232245866209,-9.806447231769562,14934.0
13.6,1.2999999523162842,161.0,23.28313446044922,-0.0477106422185897,-79.78281952897275,40.45892314909543,269.5654559664726,-0.0093411998823285,0.0112758260220289,-0.9736068844795228,0.2277615517377853,-0.0094937411889304,0.0001618392499475,0.0062754334960431,-0.0057199052534997,-0.0027920734137296,-0.0043901680037379,-0.2733248797059059,0.1144999941810965,-9.805859001874923,14934.0
13.8,1.2999999523162842,161.0,23.28188323974609,-0.055662415921688,-79.78281951879029,40.458923153434,269.5660737686157,-0.0093577299267053,0.0112661030143499,-0.973606526851654,0.2277631461620331,-0.010460687738962,-0.00143397201929,0.0063712327336898,0.003024099394679,0.0025096535682678,-0.0013861113693565,-0.2741183285973966,0.1193656450510025,-9.805337430238724,14934.0
13.9,1.2999999523162842,162.0,23.274370193481445,-0.0795177370309829,-79.7828194176374,40.45892313042595,269.54834037351606,-0.0093437358736991,0.0112720923498272,-0.9736001491546632,0.2277905195951461,-0.0086681960791593,-0.0041918888836344,0.0003889953109659,-0.0050926604308187,-0.0040041240863502,-0.0033988587092608,-0.2731173218227923,0.1167867762688547,-9.805999335050585,14934.0
14.1,1.2999999523162842,163.0,23.27812767028809,-0.0477106422185897,-79.78281930880166,40.45892305022145,269.53150468397143,-0.009337100200355,0.0112977717071771,-0.9735891819000244,0.2278361171483993,-0.0008795660779661,0.0033345063150451,-0.0011347257524388,-0.0015215435996651,-0.0011431071907281,0.005605258513242,-0.2687708671577275,0.1038671888317912,-9.805673060417176,14934.0
14.2,1.2000000476837158,163.0,23.28188323974609,-0.0477106422185897,-79.78281930536673,40.45892304885136,269.5313904218674,-0.0093406559899449,0.0113068157806992,-0.9735836386680604,0.2278592884540558,-0.0032352077929253,0.0021082227343317,-0.0009901981556887,-0.0052269184961915,-0.0044869966804981,-0.0075978231616318,-0.2739347077533602,0.1185365829616785,-9.804268559217451,14934.0
14.4,1.2999999523162842,164.0,23.25058174133301,0.2624085247516632,-79.78281917407121,40.45892301736289,269.5138011507988,-0.0093496851623058,0.0113335400819778,-0.9735693335533142,0.2279189974069596,-0.0060353456681945,-0.0002226934524561,-0.0023638287655611,0.0070180562324821,0.0015992200933396,0.0007334820111282,-0.2729324949905276,0.102015667995438,-9.807952889800072,14934.0
14.5,1.399999976158142,165.0,23.26936149597168,0.2624085247516632,-79.78281916835384,40.45892302066604,269.5135733716488,-0.0093536367639899,0.0113247251138091,-0.9735836386680604,0.2278580665588379,-0.0073039533611593,-0.0009097924427394,-0.0020368392128038,-0.0072520612739026,0.0038043102249503,0.0063878702931106,-0.2664536521397531,0.1053625685535371,-9.80591630458832,14934.0
14.7,1.399999976158142,165.0,23.27186584472656,0.2624085247516632,-79.78281902641909,40.45892298874923,269.4958526425362,-0.0093761170282959,0.0113144665956497,-0.9735677242279052,0.2279256135225296,-0.0084104804540087,-0.0024659065943666,-0.0028872841230976,-0.0035681764129549,-0.0020661985035985,0.0124782836064696,-0.2762400456145406,0.108914249567315,-9.803458135128023,14934.0
14.8,1.399999976158142,165.0,23.27061462402344,0.278312087059021,-79.78281901830404,40.45892299513503,269.4955548577309,-0.0093618594110012,0.0113132381811738,-0.9735532999038696,0.2279878705739975,-0.0117362892121259,-0.0035984457260003,-0.0029788673964747,-0.0015314574120566,-0.003042823402211,-0.0090872999280691,-0.2703965758346021,0.1077828955650329,-9.8049491751194,14934.0
15.0,1.5,165.0,23.27061462402344,0.2703603208065033,-79.78281883592753,40.45892298295925,269.48035293149945,-0.0093767950311303,0.0112864673137664,-0.9735481739044192,0.2280102074146271,-0.0171896997614207,-0.0053283155080673,-0.0006016308555883,0.000663457205519,-0.0025794885586947,-0.0001357749861199,-0.2774266466684639,0.1030456276237964,-9.803850483298303,14934.0
15.1,1.600000023841858,168.0,23.268110275268555,0.3101191818714142,-79.78281870778653,40.458922945843575,269.46490573215493,-0.0093613304197788,0.011296116746962,-0.9735475182533264,0.2280133515596389,-0.0151136621354759,-0.0038661803289611,0.0015083664546389,-0.0027663453947752,-0.0017435253830626,-0.0089712208136916,-0.2732353259436786,0.1252779475226998,-9.805660781264306,14934.0
15.3,1.7000000476837158,170.0,23.25934600830078,0.3975887000560761,-79.78281867896642,40.458922967752045,269.465206556797,-0.0094019714742898,0.0113010788336396,-0.9735335707664492,0.2280712276697159,-0.0174593929307537,-0.0067672648497744,0.0018396462308288,-0.0030248728580772,0.0072020473890006,0.0035917332861572,-0.2691351304203272,0.1106616442836821,-9.809197762012484,14934.0
15.4,1.7000000476837158,168.0,23.26435470581055,0.4134922325611114,-79.78281854811081,40.45892291886612,269.45201685357097,-0.0093950079753994,0.0113023789599537,-0.9735284447669984,0.2280930876731873,-0.0149352321185924,-0.0053606252649499,0.0069646588821899,-0.0046890387311577,-0.0009563604253344,-0.0102249113842844,-0.2735576354339719,0.1250509385112673,-9.80601687669754,14934.0
15.6,1.7999999523162842,171.0,23.23305320739746,0.6679490208625793,-79.7828184018768,40.45892286475448,269.4364626042843,-0.0093054994940757,0.0113319931551814,-0.9735949635505676,0.2278111279010773,-0.0164367143807269,-0.0004958568554388,0.0069430611426387,-0.0384517349302768,-0.010041719302535,-0.0181508045643568,-0.3103829245269299,0.192940063253045,-9.790666766166687,14934.0
15.71,1.7999999523162842,171.0,23.258094787597656,0.2226496636867523,-79.78281838976956,40.45892287132546,269.4370511405468,-0.0093762958422303,0.0113330762833356,-0.9735629558563232,0.2279449254274369,-0.0112721833994519,-0.0038337947522267,0.0055957152528896,-0.0053182784467935,0.0184832774102687,0.0119146071374416,-0.2613383982516825,0.0807968258857727,-9.818539273738864,14934.0
15.9,1.7999999523162842,172.0,23.046497344970703,3.0614330768585205,-79.78281823651392,40.45892282278669,269.4223729305268,-0.0092622395604848,0.0113032832741737,-0.9735990166664124,0.2277971059083938,-0.0129016999488718,0.0004071780629949,0.0072520381594973,-0.0256558358669281,-0.0002911923802457,-0.0051838560029864,-0.2449750748835504,0.1392482613399625,-9.803097361922264,14934.0
16.0,1.7999999523162842,172.0,23.234304428100582,0.5486723780632019,-79.78281822471027,40.45892282993564,269.4230053954125,-0.0092974249273538,0.0113361040130257,-0.9735718369483948,0.2279099822044373,-0.016049978004683,-0.0050800015973836,0.0049802169898983,-0.0293326471000909,0.0023588940966874,0.0025600311346352,-0.2564903986640274,0.1062504865229129,-9.800104756951333,14934.0
16.21,1.8999999761581416,172.0,23.25934600830078,0.198794350028038,-79.78281804526414,40.45892282610284,269.4101795189381,-0.0094232019037008,0.0112496819347143,-0.9735382199287416,0.2280527800321579,-0.0186541597671027,-0.0050214544526285,0.0087349096257012,-0.0011378809576854,0.0028840613085776,-0.0064275059849023,-0.254195512700826,0.1195405955705791,-9.820989257097244,14934.0
16.3,2.0,173.0,23.261850357055664,0.4850582182407379,-79.78281802892228,40.45892283775553,269.4111216001511,-0.0094856088981032,0.0112147508189082,-0.9735151529312134,0.2281504720449448,-0.020415605842883,-0.0074771733957259,0.0098878063376455,-0.0192054696381092,-0.0065666050650179,-0.0050418977625668,-0.2876988889463246,0.1302323481626808,-9.816003921031951,14934.0
16.5,2.0,172.0,23.10158729553223,4.4927520751953125,-79.78281786933229,40.45892274033729,269.39826890158656,-0.009475128725171,0.0112124560400843,-0.9735244512557985,0.2281112372875213,-0.0134930170473496,0.0022551744485748,0.0092405486496079,-0.0017443662509322,0.008510148152709,0.0033890588674694,-0.2568479559011757,0.1028582609072327,-9.818786026239396,14934.0
16.6,2.0,173.0,23.067781448364247,5.319736957550049,-79.78281774855655,40.45892266677691,269.38248085308084,-0.0094389710575342,0.0112532451748847,-0.9735469818115234,0.2280145883560181,-0.0023349224306435,0.0053335484854309,0.0092146273352089,0.0103885363787412,0.0377259738743305,-4.912507210974582e-05,-0.2700464555248618,0.1071731406077742,-9.81647286772728,14934.0
16.8,2.0,174.0,22.97012138366699,7.403101444244385,-79.78281773013393,40.45892266473437,269.3843021922112,-0.0095748612657189,0.0108802197501063,-0.9735754132270812,0.2279054522514343,-0.0043983914784327,0.0017572413906787,0.0094659858956418,-0.0160401575267314,-0.0152181023731827,0.0339137315750122,-0.2497796771675348,0.048288092999719,-9.84829107642174,14934.0
16.9,2.0,173.0,22.90752029418945,8.587915420532228,-79.78281758620625,40.45892260726404,269.37078213024137,-0.0095196412876248,0.0106431096792221,-0.9736089706420898,0.2277759313583374,-0.0025048811636837,0.0083600629756774,0.0132746283878077,-0.0679996088147163,-0.0211467891931533,-0.0042793904431164,-0.2414476506784558,0.1062198251858353,-9.802271735072138,14934.0
17.1,2.0,175.0,22.78857421875,11.402843475341797,-79.78281741339451,40.45892255157483,269.35923271703723,-0.0091895861551165,0.0100788287818431,-0.9736493825912476,0.2276420295238495,-0.0018066500619534,-0.0007789906109717,0.0132799232933277,0.0304503347724676,-0.093672826886177,0.1123280152678489,-0.313710611499846,0.1861766254529357,-9.78365244626999,14934.0
17.2,2.200000047683716,178.0,22.71846008300781,12.635368347167969,-79.7828174019387,40.45892255154195,269.3609332971573,-0.0088900541886687,0.0095906797796487,-0.9736972451210022,0.2274700850248337,-0.0274526091631554,0.004563039437154,0.0196129149008324,-0.0490654185414314,-0.0025148876011371,0.081912986934185,-0.2986773104220629,-0.0667391327396035,-9.789949897527697,14934.0
17.4,2.299999952316284,178.0,22.565710067749023,15.983065605163574,-79.78281723631794,40.45892254477128,269.3488832049369,-0.0076244981028139,0.0082782786339521,-0.973712682723999,0.2275017350912094,-0.001659534238148,-0.0067127666313535,0.0181967494060313,0.041792057454586,-0.0162503123283386,-0.0202094633132219,-0.2194272558018565,0.1186950150970369,-9.812398527860642,14934.0
17.5,2.299999952316284,177.0,22.511871337890625,17.334867477416992,-79.78281722129513,40.45892255377544,269.3511485390664,-0.0067640384659171,0.0071474285796284,-0.9737733006477356,0.2273078262805939,-0.0219529043268204,-0.0090163139137018,0.02221079211957,-0.0169064048677682,0.0500163882970809,0.0005660997703671,-0.2465794594958425,-0.0128964178450405,-9.828578943014143,14934.0
17.7,2.299999952316284,178.0,22.34284400939941,20.626901626586918,-79.78281707304144,40.45892251160207,269.3401677541733,-0.0049381563439965,0.0025081157218664,-0.973796546459198,0.2273537069559097,-0.0020272089976835,-0.0025781948814472,0.0179815247622789,0.0962095484137535,0.0576995536684989,-0.0344542674720287,0.0090709546627476,-0.0396888441871851,-9.788506804704667,14934.0
17.8,2.299999952316284,179.0,22.277738571166992,22.48761749267578,-79.7828170443134,40.458922524399576,269.342758887291,-0.0047008353285491,-0.0003478950238786,-0.9733413457870485,0.2293131798505783,-0.0515853564370239,-0.0097209235560338,0.03533195210197,-0.1188007593154907,0.139275461435318,-0.0990252643823623,-0.0693743083812296,-0.0184087936067953,-9.955893877744677,14934.0
18.0,2.299999952316284,181.0,22.101198196411133,26.01025199890137,-79.78281681267595,40.4589224689087,269.3454906277657,-0.0087257167324423,-0.0029758817981928,-0.9709374904632568,0.2391555160284042,-0.0747988291841472,0.0251075574807706,0.1950301112039638,-0.0182777866721153,0.053860917687416,-0.1971520185470581,0.1751660808362067,0.0292763509601354,-10.902044706344604,14934.0
18.1,2.400000095367432,181.0,22.376649856567383,18.909318923950195,-79.78281670030198,40.45892248944802,269.3403310112953,-0.0079862922430038,-0.0006875238614156,-0.9699962139129642,0.2429880499839783,-0.080782669000136,0.0355816941355012,0.3018409458345682,0.0855081379413604,-0.0324045866727829,-0.0439042598009109,0.069851505132392,0.0609526230627671,-11.044819679260254,14934.0
18.3,2.400000095367432,181.0,22.34910583496093,19.752206802368164,-79.78281645509071,40.458922533965726,269.4110330276489,0.0029159169644117,-0.0038155931979417,-0.9692007303237916,0.2462253123521805,-0.124602064225608,0.0341894545103916,0.3644333775719489,-0.0500841215252876,-0.0203975848853588,0.0398702025413513,0.0768635592330247,-0.2220646424219012,-10.521801441907884,14934.0
18.4,2.5,183.0,22.356616973876957,19.720399856567383,-79.78281600810212,40.45892257618607,269.41978716182706,0.0025687229353934,-0.0069449567236006,-0.9695714116096495,0.244696781039238,-0.1464760263554317,0.0318269037754265,0.2975452394135137,-0.1021741032600402,-0.0390270426869392,-0.0002956557727884,0.1524655816890299,-0.1103069192916154,-9.664220142960549,14934.0
18.6,2.5,186.0,22.266469955444336,21.533403396606445,-79.78281562366371,40.45892264536749,269.4341152243614,0.0047955340705811,-0.0068887928500771,-0.9704347252845764,0.2412179410457611,-0.136588016161194,0.0257289485687981,0.1496865495290153,-0.0806771367788314,-0.0579242780804634,0.0034761326387524,0.0820137045532465,-0.0723452512454241,-9.30574255406857,14934.0
18.7,2.5,184.0,22.250192642211918,21.84352302551269,-79.78281547843386,40.45892269309547,269.44747196960446,0.0054920292459428,-0.0067383120767772,-0.9707205891609192,0.240054339170456,-0.1441809713164257,0.0083442971609642,0.1179400443893585,0.0081436084583401,-0.0283478759229183,-0.1153594404458999,-0.0196817187499254,0.0742608995921909,-9.434067302942276,14934.0
18.9,2.400000095367432,182.0,22.203866958618164,22.757976531982425,-79.78281506599188,40.45892283919356,269.4701675109864,0.008775558322668,-0.0053832307457923,-0.9709625840187072,0.2390098720788956,-0.1390987418381553,-0.0249414435191098,0.1268506056566004,0.1513816565275192,0.0158487223088741,0.1139137148857116,0.0692622793838381,-0.3145115338638425,-9.833434470891952,14934.0
19.0,2.299999952316284,184.0,22.1888427734375,22.19340133666992,-79.78281493037181,40.458922920598674,269.4839726619721,0.0120952259749174,-0.0025833020918071,-0.9708947539329528,0.2391871958971024,-0.130737175465111,-0.0334689751955269,0.1511716331969236,0.2379889637231827,-0.0492870509624481,0.1176690831780433,-0.0500956729240715,-0.228143553994596,-10.031888970136643,14934.0
19.2,2.299999952316284,184.0,22.20762252807617,21.42207908630371,-79.78281454048377,40.45892304816388,269.521567636013,0.0164852384477853,-0.0010467894608154,-0.970772922039032,0.2394311130046844,-0.1256237868975009,-0.0476359495403239,0.2213981541267123,0.0418203920125961,0.04357136413455,-0.0278109516948461,0.0186336967069655,-0.3285364460572601,-10.070206943750383,14934.0
19.3,2.400000095367432,184.0,22.197607040405277,22.28087043762207,-79.78281444831028,40.45892313546003,269.5449032120705,0.015219572931528,-0.0012571664992719,-0.970657229423523,0.2399822324514389,-0.1102746241154165,-0.0510206760169794,0.232458651178295,0.0171744935214519,-0.0057734074071049,0.0484043546020984,0.085650188466534,-0.2758523386716843,-9.96141014099121,14934.0
19.5,2.299999952316284,184.0,22.18132972717285,22.535327911376957,-79.78281406149172,40.45892323731,269.5809854500294,0.0147391380742192,0.0020932746119797,-0.9703568816184998,0.241217702627182,-0.0902801860164279,-0.0456568863698159,0.2256737255436001,0.0228891819715499,-0.067710168659687,0.0091021973639726,0.0712120334431529,-0.1126690482348203,-9.887178568840026,14934.0
19.61,2.299999952316284,183.0,22.18258285522461,21.764005661010746,-79.78281387944128,40.45892331820183,269.595113300562,0.0157887004315853,0.0035591078922152,-0.9703385233879088,0.2412079870700836,-0.0608358710331719,-0.0529903034364659,0.2289977328027571,0.1064985767006874,-0.0673485621809959,0.0993206053972244,0.0180871773313265,-0.2182993644475937,-9.879054447412493,14934.0
19.8,2.299999952316284,183.0,22.14627265930176,23.545202255249023,-79.78281385382418,40.45892338023591,269.61838757324216,0.0157454833388328,0.004323196131736,-0.9704695343971252,0.2406705617904663,-0.0419046535728621,-0.0526484137250908,0.2321838346619416,0.0857165306806564,-0.0560350157320499,0.1006914228200912,0.0120086688967421,-0.2786328358948231,-9.866319211721422,14934.0
19.9,2.299999952316284,182.0,22.203866958618164,21.032442092895508,-79.78281366500087,40.45892349951636,269.6703358970881,0.0131285050883889,0.0010317051783204,-0.9707512259483336,0.2397264689207077,-0.0059930083593125,-0.0527921986777622,0.2865012935450388,0.0312626846134662,0.0424895733594894,0.024334579706192,0.0345458183088339,-0.2779522199928761,-10.043964639902118,14934.0
20.1,2.200000047683716,181.0,22.197607040405277,22.535327911376957,-79.7828137590394,40.4589235035016,269.6987121932507,0.0047616926021873,-0.0021656309254467,-0.9708274006843568,0.2397224456071853,0.0191718331709726,-0.0550170607957723,0.0967746329845484,-0.1975541710853576,-0.0244248490780592,0.0306493639945983,0.0389852688275277,-0.2190869843959808,-8.70339397251606,14934.0
20.2,2.200000047683716,180.0,22.04610824584961,25.5570011138916,-79.78281380727013,40.45892354147167,269.7049920790196,-0.0056802206672728,-0.0043751141056418,-0.9707790613174438,0.2398679405450821,0.0056854916356743,-0.059519390712587,0.0447992726318577,-0.1974719762802124,-0.0085563529282808,-0.0513940751552581,-0.0918466382101178,-0.0071241973014548,-9.16470771253109,14934.0
20.4,2.200000047683716,177.0,21.83325958251953,30.18493461608887,-79.7828135217464,40.45892368537649,269.73531063723567,-0.007912247441709,-0.0060476479120552,-0.9704105854034424,0.2412553876638412,-0.0135976682100772,-0.0590350748036373,0.2006380348071227,0.0799318328499794,0.0637152269482612,-0.0465070232748985,0.0154997170250862,0.0879691850580275,-10.639394795894622,14934.0
20.5,2.200000047683716,178.0,22.008546829223643,25.87507247924805,-79.78281352256155,40.45892374802553,269.762469627738,-0.0024901481810957,-0.0043171676807105,-0.9702200889587402,0.2421736866235733,-0.0249801988145512,-0.0642708379718194,0.3479295968828384,0.2844418287277221,0.0133965499699115,0.0639209523797035,0.1792812598496675,-0.225114623196423,-11.155280599594116,14934.0
20.6,2.299999952316284,178.0,21.82449531555176,29.89071846008301,-79.78281335308144,40.45892386912011,269.7947705172301,0.0022281934507191,-0.0009119030437432,-0.9699928164482116,0.243121787905693,-0.0644209716088524,-0.0598836409691897,0.4862831532120629,0.0406411848962307,-0.0935326665639877,-0.0013988629216328,0.0527241242676973,-0.2997487761452794,-11.267752962112429,14934.0
20.8,2.299999952316284,182.0,21.72683525085449,32.832874298095696,-79.7828132828217,40.45892401850879,269.927817557782,0.009103050455451,0.0060801357030868,-0.9698416590690612,0.2434901297092437,-0.0643585584273164,-0.0558448277309683,0.8474247033486977,0.164854496717453,-0.0226992256939411,0.0620164088904857,0.0411001610476523,-0.2615539229661226,-11.644520641565324,14934.0
20.9,2.299999952316284,183.0,21.63543701171875,33.278175354003906,-79.78281313518224,40.45892410789378,270.01204942989347,0.0105383535847067,0.006830760743469,-0.9699740409851074,0.2428843826055527,-0.0685855027216122,-0.0505318529944974,1.040122969432977,0.0366041772067546,0.0133879417553544,0.051939345896244,-0.0447463705250993,-0.2093374101072549,-11.860074738264084,14935.0
21.1,2.299999952316284,184.0,21.69803810119629,31.218664169311523,-79.7828129970984,40.45892418444026,270.2511167161465,0.0112094245851039,0.0040108701214194,-0.9703068733215332,0.2415842413902283,-0.0464901027747122,-0.0218257068922757,1.467934595758532,-0.0150883011519908,-0.047473557293415,0.0250776465982198,0.03430478511611,-0.1676118802092969,-11.94970085978508,14935.0
21.3,2.400000095367432,186.0,21.547792434692383,37.30177307128906,-79.78281300170968,40.45892419764276,270.5856800012589,0.0045834030024707,-0.0021153965499252,-0.9710425138473512,0.2388534545898437,-0.0344471927958394,-0.0035603073701273,1.877782773061939,-0.0990654304623603,0.0635956600308418,0.0203910879790782,0.0865257998742163,-0.088607225921005,-11.868023443222048,14935.0
21.4,2.5,187.0,21.580345153808597,35.234310150146484,-79.78281294877911,40.4589241831221,270.7511904768944,-0.0014690110692754,-0.0042960424907505,-0.9713789820671082,0.2374917268753052,-0.0271563490998397,0.0052696798719521,2.0702256496902702,-0.1899426877498626,0.0309270247817039,-0.0224042236804962,-0.0677576583204791,-0.0067783756088465,-11.9528232729435,14935.0
21.5,2.5999999046325684,186.0,21.550296783447266,36.22032928466797,-79.78281294017074,40.45892419984281,270.9695110254288,-0.0048872507177293,-0.0067652422003448,-0.9715747237205504,0.2365863621234893,-0.0149913799893801,-0.00249949096621,2.3011597281645297,-0.0591944679617881,0.0947330817580223,-0.033666793256998,-0.1092533241212368,-0.0956333955656737,-12.07141883969307,14935.0
21.7,2.799999952316284,187.0,21.87332534790039,28.01409912109375,-79.78281284914273,40.45892427461887,271.40900122451785,-0.0011610958026722,-0.0125918267294764,-0.9713020324707032,0.2375133335590362,-0.0443730169907635,-0.0283650376902666,2.642421268498329,0.131990760564804,0.0996618345379829,-0.0097941001877188,-0.0316521112248301,-0.1516774683818221,-11.605902121067048,14936.0
21.9,2.900000095367432,187.0,21.869569778442383,27.95048522949219,-79.7828126874839,40.4589245031809,271.90170776176456,0.0004978316137567,-0.0066352719441056,-0.9708558917045592,0.2395719140768051,-0.1157784172282001,-0.0384754986110077,2.7782317930052365,0.0412381626665592,-0.1323662400245666,0.0735577568411827,0.0237566342018544,-0.2160515851154924,-10.746260848045347,14936.0
22.0,3.0999999046325684,188.0,21.80821990966797,27.012176513671875,-79.78281260989756,40.45892464700642,272.18232046890256,0.0029820362105965,-0.0002832541358657,-0.9706207513809204,0.2405960559844971,-0.1385608186494912,-0.0775975488307399,2.838292738512913,0.0218399092555046,-0.148046389222145,-0.03439162671566,-0.0631008261395618,-0.072412585588172,-10.503351137638091,14937.0
22.2,3.0999999046325684,187.0,21.910886764526367,27.27458381652832,-79.78281231924538,40.45892492240648,272.44780861663816,0.0081708561629056,0.0055387425236403,-0.9702138304710388,0.2420490235090256,-0.1672825792058508,-0.1104700810092589,2.8567346527263013,0.1296887248754501,-0.1315426379442215,-0.0536317341029644,0.0514431957481429,-0.1078571734763682,-10.376263074874876,14937.0
22.3,3.2000000476837163,186.0,21.82449531555176,28.13337707519531,-79.7828121345639,40.45892523764749,273.02395974922183,0.0119102466851472,0.002450490836054,-0.9697096347808838,0.2439578473567962,-0.2134757167546099,-0.1392898824708397,2.891155012939413,0.0793299674987793,0.0912457630038261,0.0867606252431869,0.0218856782256625,-0.3882392222061753,-10.053614884614944,14938.0
22.41,3.299999952316284,185.0,21.950952529907227,25.73194122314453,-79.78281173999572,40.458925504192216,273.3271170787812,0.0111848060041666,-0.0022277303505688,-0.969655990600586,0.2442075759172439,-0.2239430463526096,-0.1139908496762956,2.9173068621834,-0.0181835908442735,0.0994867011904716,0.0383247584104538,0.0180712607991881,-0.1279559357464313,-10.058611915111545,14938.0
22.6,3.400000095367432,186.0,21.843276977539062,26.964466094970703,-79.782811374651,40.45892584283469,273.94829880523685,0.0114679802209138,-0.0025112922303378,-0.9698623418807985,0.2433705627918243,-0.2086784832119723,-0.0969068558811895,2.9500785701023884,-0.0825716480612754,-0.0090555865317583,-0.0239899847656488,-0.0463292894605547,-0.0692285619629547,-9.997351806163786,14938.0
22.8,3.5,186.0,21.88709831237793,26.59073257446289,-79.7828112487763,40.458926189122096,274.54165541458127,0.0086509333923459,-0.0022426734212785,-0.970054030418396,0.2427247911691665,-0.1870549421927962,-0.1235315580111507,2.96151644186878,0.0337168239057064,0.0331493653357028,0.036778450012207,0.0709337516594678,-0.2447119867242873,-10.01020983338356,14939.0
22.9,3.5,186.0,21.91339111328125,25.350255966186523,-79.78281095553665,40.458926513835685,274.82002007293704,0.0099039291962981,-0.0015660265926271,-0.970078706741333,0.2425835579633713,-0.1815352478900237,-0.135725922069158,2.92607518096191,0.0160677246749401,-0.052287682890892,0.0008902928093448,0.0391085719875991,-0.2464683075807989,-9.733576891422272,14939.0
23.0,3.5,187.0,21.9209041595459,25.42182159423828,-79.78281090319778,40.45892670482467,275.11193215179446,0.0102949943393468,-0.0008656760328449,-0.9701563715934752,0.2422600984573364,-0.1865588342996045,-0.1452983957962885,2.9082527046033166,0.0363351739943027,0.0367145910859108,-0.0438911207020282,0.1612237788364291,-0.1868088921904564,-9.682067014575004,14940.0
23.2,3.5999999046325684,187.0,21.818235397338867,28.70590400695801,-79.78281060737072,40.45892731149275,275.6275318794251,0.0082967914640903,7.658829417778179e-06,-0.9702360033988952,0.2420191466808319,-0.18324978473681,-0.1650341888992931,2.813087106773178,0.0316970609128475,-0.0363605543971061,0.056017804890871,0.0466023818403482,-0.4446629894524813,-9.65373199224472,14940.0
23.3,3.5,188.0,21.789438247680664,28.65819358825684,-79.78281055911044,40.45892751753138,275.90900933074954,0.0081330323591828,-0.0016002909978851,-0.97030508518219,0.2417423576116562,-0.19862634175948,-0.1716247467825359,2.816106956756332,-0.0863153636455535,0.0360699705779552,-0.0340557023882865,-0.0031461766082793,-0.0878187837079167,-9.765899130105971,14940.0
23.5,3.5,186.0,21.90087127685547,26.638442993164062,-79.78281022436093,40.45892778284429,276.46050249862674,0.0083758234977722,-0.0010501774959266,-0.9703943133354188,0.2413786947727203,-0.181517507894566,-0.145852371355654,2.7618359998219835,0.0247221626341342,0.0488371439278125,0.0218823701143264,-0.0321940932981669,-0.0717002394050359,-9.603625447154046,14941.0
23.7,3.5,186.0,21.83701705932617,29.04783058166504,-79.78281031497156,40.45892809850073,277.1471813850403,0.0117362085729837,0.0003902206372004,-0.9700766801834106,0.2425148636102676,-0.1476813814002411,-0.1512722209027714,2.7468174554856017,0.0964145585894584,0.0176654309034347,-0.011986088939011,0.1523594547249377,-0.217875002771616,-9.593198692202568,14942.0
23.8,3.700000047683716,186.0,21.809471130371094,27.56879997253418,-79.78281029453353,40.45892826976775,277.4214008979797,0.0125178974121809,0.0016355720581486,-0.9698862433433532,0.2432310730218888,-0.1743036362997457,-0.1444939511745251,2.736395229807288,-0.0591867342591285,0.0190667994320392,-0.0281793344765901,0.024583768537268,-0.0112496866006404,-9.660672052502632,14942.0
23.91,3.799999952316284,187.0,21.80696678161621,28.006147384643555,-79.78281031551406,40.45892830509303,277.8347433738709,0.012757352553308,0.0026367723476141,-0.9697611331939696,0.243708074092865,-0.1373349132071185,-0.1372369592887311,2.77142178730865,0.0511763282120227,-0.011451443657279,0.0398225151002407,0.0959361260198056,-0.2678707431256771,-9.71307129085064,14942.0
24.1,3.799999952316284,188.0,21.80821990966797,27.87891960144043,-79.78280995837433,40.4589286356354,278.52081333923337,0.0075590619817376,0.0016378179425373,-0.9699662923812866,0.2431164979934692,-0.1133993226077472,-0.1159726029781509,2.8313680864739617,0.0431163497269153,-0.0365854762494564,0.1138653382658958,0.1398913454264402,-0.368076999373734,-9.810059641599656,14943.0
24.3,3.900000095367432,190.0,21.74812126159668,28.41168785095215,-79.78280995808622,40.45892875449313,278.8043206863404,0.0077577480114996,0.0029564280994236,-0.970107913017273,0.2425321340560913,-0.1096050129193735,-0.1138780660644541,2.8359585828062506,0.022166782990098,0.0041906521655619,-0.0265969149768352,-0.0277179948985576,-0.0994490418210625,-9.800876004695892,14943.0
24.41,4.0,192.0,21.85329246520996,26.30446815490723,-79.78281005293566,40.45892889983075,279.48109375762937,0.0113491956144571,0.0034188865683972,-0.9701057076454164,0.2423932701349258,-0.1160750261097807,-0.09348915339408,2.91492782028413,-0.0286260340362787,-0.0105477785691618,-0.0030705176759511,0.005542968576774,-0.3014105000160634,-9.982276514768602,14944.0
24.61,4.099999904632568,193.0,21.87958526611328,24.87314796447754,-79.78280990161954,40.45892922144237,280.1446527175904,0.0148191982880234,0.0003485114430077,-0.9698885679244996,0.2430975139141083,-0.1264554515336353,-0.0799305814081132,2.949598256219893,0.0890456661581993,0.1067934557795524,-0.0594578348100185,0.1961865835636854,-0.2510717656463385,-9.805751413106918,14945.0
24.7,4.0,194.0,21.735599517822266,28.39578437805176,-79.78280988975195,40.458929306906136,280.43891560363767,0.0159073565155267,-0.0001729439682094,-0.9697498679161072,0.2435820698738098,-0.1480510240168464,-0.0526847954084364,2.928964009865717,-0.0806439444422721,-0.005718071013689,-0.0731937065720558,0.0532156466972082,0.0869133971817791,-9.577511782050133,14945.0
24.8,4.0,196.0,21.804462432861328,26.5748291015625,-79.7828098847387,40.45892938367907,280.7317575149536,0.0170583445578813,0.0012698989594355,-0.9696589708328248,0.2438623458147049,-0.1183541454664893,-0.0441207062608233,2.9268916571488983,0.1090729087591171,-0.0866823270916938,0.1285506337881088,0.1208335154503584,-0.4798789420723915,-9.79456335067749,14945.0
25.0,4.099999904632568,201.0,21.765649795532227,28.006147384643555,-79.78280980133945,40.45892948196194,281.3827861480713,0.013028779067099,0.002197788329795,-0.97013920545578,0.2421889454126358,-0.1145510786033489,-0.0416735911449215,2.95427918765036,-0.1604632288217544,-0.0263221450150012,-0.0693816095590591,0.0536407529795542,0.0366675330419093,-9.78545221924782,14946.0
25.2,4.199999809265137,202.0,21.85454559326172,26.12952995300293,-79.78280974595356,40.45892956054432,282.0302299194336,0.015510506927967,-4.6555967855965725e-05,-0.970803678035736,0.2393736094236374,-0.0890281515620734,-0.0220012996176749,2.9836300283482946,-0.0756797194480896,0.0430238731205463,-0.0190481804311275,-0.0192888406757265,-0.0508924839645624,-9.71307246029377,14947.0
25.3,4.199999809265137,204.0,21.83701705932617,26.33627510070801,-79.78280976942314,40.45892958910257,282.3274863891602,0.0132440403103828,-0.0021927680354565,-0.970880687236786,0.2391871511936188,-0.0795428784298424,-0.0159169734483001,2.9600252252181947,-0.0141698429360985,-0.0406911969184875,0.0346032790839672,0.037984654912725,-0.5603657193481922,-9.640421390533447,14947.0
25.5,4.099999904632568,205.0,21.915895462036133,25.191219329833984,-79.78280973374865,40.45892952129741,282.9722484283448,0.0104043446481227,-0.0016642408445477,-0.97063809633255,0.2403139322996139,-0.0422401920893549,0.0080593938229397,2.968281166120849,-0.0508946254849433,-0.0408298783004283,-0.0867006629705429,0.0451738979201763,-0.2094773778319359,-9.721368489861488,14947.0
25.6,4.099999904632568,206.0,21.79444694519043,26.94856262207031,-79.78280963091207,40.45892947542302,283.3240865402222,0.0120854461565613,0.0003234439354855,-0.9704105854034424,0.2411581724882125,-0.013120048137005,-0.0048107855664378,2.9824239459000843,0.2856294810771942,0.0460094287991523,0.1110363900661468,0.1007361875753849,-0.4384383360296488,-9.765786863565443,14948.0
25.7,4.099999904632568,208.0,21.842023849487305,26.28061294555664,-79.7828096690334,40.45892948404299,283.62228524017337,0.0142216766253113,0.0017705501522868,-0.9700506329536438,0.2424796968698501,-0.0569098821074805,-0.0100987815636575,2.979213408916544,-0.0773380398750305,-0.0067047611810266,-0.0266823153942823,-0.0643187691830098,-0.2936697549372911,-9.703692356944083,14948.0
25.9,4.099999904632568,207.0,21.9497013092041,23.282794952392567,-79.78280965316308,40.45892953246919,284.2612222366333,0.0142520163208246,0.0013821858447045,-0.9694921374320984,0.2447041571140289,-0.0629537568470434,-0.0099682820139317,2.985862272565164,0.087716668844223,0.0174500569701194,0.0662010014057159,0.1595173420384526,-0.384767803363502,-9.764960651993752,14949.0
26.1,4.0,207.0,21.845781326293945,27.179162979125977,-79.78280967672544,40.458929533963,284.5582231216432,0.014928376302123,0.003139057662338,-0.9694851636886596,0.2446749955415725,-0.0658650647215337,0.0034081819896619,2.9517527206458096,0.0686204209923744,0.0278291720896959,0.0145644657313823,0.0507347553223371,-0.1992460843361914,-9.504648458361627,14949.0
26.2,4.099999904632568,208.0,21.77942276000977,26.224950790405277,-79.78280970351327,40.458929426137466,285.19768750000014,0.0147490398958325,0.0055933478288352,-0.9696700572967528,0.2439081370830536,-0.0706234415757456,0.0017654020494038,2.9516730203315147,-0.0553117878735065,-0.063804842531681,0.0722023695707321,0.0533332807989791,-0.4649314854294062,-9.764742550849917,14950.0
26.4,4.199999809265137,207.0,21.79820251464844,26.39193725585937,-79.78280943194281,40.4589294555599,285.8388389282227,0.0088912229984998,0.0017971743363887,-0.9699189066886902,0.2432596087455749,-0.0713613073372751,0.0335493734484149,3.005646726238038,-0.0940081030130386,0.0357913076877594,-0.0896080136299133,0.0845842410530895,-0.0153868748992681,-9.965758130550388,14950.0
26.5,4.300000190734863,208.0,21.81072425842285,26.996273040771484,-79.78280941821441,40.458929421706976,286.14006459045413,0.0086619900539517,0.0012934083351865,-0.969967484474182,0.2430770546197891,-0.0332586851345691,0.0411802899245908,3.0123841617199365,0.1791176050901413,-0.0206593442708253,0.1402255296707153,0.100610353667289,-0.543668154515326,-9.90466291308403,14951.0
26.61,4.199999809265137,208.0,21.730592727661133,28.76951789855957,-79.78280940163856,40.45892942223677,286.4670261077881,0.0098968278616666,-0.0001851369306677,-0.9699939489364624,0.2429274022579193,-0.0515444485090718,0.0460527490524876,3.0262612480123834,-0.0708767622709274,0.0164141207933425,-0.0364051572978496,-0.0161370361223816,-0.1858645303174853,-9.794408984184264,14951.0
26.8,4.199999809265137,208.0,21.85078811645508,25.44567680358887,-79.78280935994596,40.45892935545953,287.07429158020017,0.0142582850530743,-0.0042689773254096,-0.9699628353118896,0.2427973449230194,-0.064420772400705,0.069091761962161,3.0414392808468653,0.0714563876390457,0.0704269409179687,-0.0154425492510199,0.1974779959581792,-0.3108105752617121,-9.877253504991534,14952.0
27.0,4.199999809265137,208.0,21.735599517822266,27.38591003417969,-79.7828092446852,40.45892928371129,287.70013653564456,0.0152254849672317,-0.0039977696724236,-0.9700000286102296,0.2425948679447174,-0.0717991937789496,0.0916560410043096,3.0260305840071435,0.0971357449889183,0.0071975202299654,0.0601054616272449,0.2412960981577635,-0.3766922503709793,-9.8675494658947,14952.0
27.1,4.199999809265137,208.0,21.75813674926757,26.98036956787109,-79.78280917964528,40.45892927047511,288.02162205505374,0.0139409508556127,-0.0019947867840528,-0.9699844121932985,0.2427590936422348,-0.0845318517211413,0.0878754361637873,3.03353455823433,-0.1007521599531173,-0.0039333733730018,-0.0610728822648525,0.0745251937396824,-0.081881603160873,-9.81683071732521,14953.0
27.2,4.199999809265137,208.0,21.70054244995117,28.8887939453125,-79.78280916424579,40.45892923799846,288.32488476562514,0.012751342728734,-0.0012956820428371,-0.9699501991271972,0.2429660111665725,-0.0637784027811621,0.0629544782489945,3.02589544147257,0.060188315808773,-0.0436141639947891,-0.0077824750915169,0.0610491523705422,-0.440324282348156,-9.765113849043846,14953.0
27.4,4.199999809265137,209.0,21.770658493041992,25.708086013793945,-79.78280910313131,40.4589291453522,288.9518607788086,0.0120184756815433,-0.0022179037332534,-0.969804048538208,0.2435793876647949,-0.0592137437904066,0.0696320022140865,3.0291495842492275,0.0656160786747932,-0.0089843869209289,0.1019549891352653,0.0483088186383247,-0.3668676855415106,-9.77936936080456,14953.0
27.5,4.199999809265137,209.0,21.71932411193848,28.11747169494629,-79.7828090848422,40.45892910735059,289.2541698150635,0.0126089984551072,-0.0033835691865533,-0.9697502255439758,0.2437504529953003,-0.0627962150087064,0.0704717813771795,3.01915947223196,0.0287549961358308,0.1062700375914573,-0.004745468031615,0.000654705427587,-0.2435470386408269,-9.732733722925184,14954.0
27.7,4.199999809265137,209.0,21.78067398071289,26.36808204650879,-79.78280894979275,40.4589290759397,289.8821910552979,0.012851083651185,-0.004666528198868,-0.969562530517578,0.2444619834423065,-0.0746558554371997,0.0810893113615673,3.0477252436748747,0.0387800894677639,0.0595145113766193,0.1149754300713539,0.0412163653224706,-0.3578042089194059,-9.876765847206116,14954.0
27.9,4.099999904632568,209.0,21.74686813354492,27.89482307434082,-79.78280892713973,40.45892902868823,290.5060924224854,0.0123922331258654,-0.003067018231377,-0.969433844089508,0.2450206577777862,-0.064612772120262,0.0717949788581382,3.0415220529914317,0.1197655722498893,-0.0151379564777016,-0.0142411263659596,0.0941402633674442,-0.3315879617258907,-9.811861753463743,14955.0
28.0,4.099999904632568,210.0,21.634183883666992,29.1114444732666,-79.78280890333427,40.45892900537315,290.8108333282471,0.0135577544569969,-0.0022451328113675,-0.9694681763648988,0.2448319047689438,-0.0862141987627185,0.0711043647382942,3.0545138061650325,-0.1569750308990478,-0.0098406495526433,-0.1376348435878753,0.0234400531556457,-0.0553712592925876,-9.861325689554215,14955.0
28.1,4.099999904632568,209.0,21.74686813354492,27.60060691833496,-79.78280882027092,40.458929011624896,291.1284965209961,0.0144529165700078,-0.0014507306041195,-0.9696044325828552,0.2442465424537659,-0.0843267707917172,0.0659027792384368,3.0751369531422017,0.0283586028963327,-0.0237485617399215,0.000962505757343,0.1559841985255479,-0.3229121920466423,-10.018256771564484,14956.0
28.3,4.0,209.0,21.69803810119629,29.00012016296387,-79.78280875810796,40.45892896725399,291.7454646759033,0.0123201524838805,-0.0012288941070437,-0.969879150390625,0.2432718724012375,-0.088909767689351,0.0602132703508738,3.0806997764379846,0.0506346188485622,-0.0248822998255491,0.132181629538536,0.0900681070704013,-0.4835924356430769,-9.857602182626724,14956.0
28.4,4.0,210.0,21.793193817138672,25.76374816894531,-79.78280881841712,40.45892889208841,292.05614315795896,0.0119381826370954,-0.0022776392288506,-0.9699772596359252,0.2428919225931168,-0.0708000113032908,0.0674826735767861,3.0821215611359616,0.0331008061766624,0.0584733076393604,0.0782120004296302,0.0634005050780251,-0.2420024783536792,-9.872137191295623,14957.0
28.6,4.099999904632568,212.0,21.72808837890625,26.69410514831543,-79.78280875581848,40.45892884048669,292.6801932983399,0.0112731168046593,-0.0056457812897861,-0.9699258804321288,0.2430739998817444,-0.0672850733989832,0.079329469207026,3.0729947521025136,0.0188095401972532,0.0629706308245658,-0.0572594255208969,0.1944342826679349,-0.1543536476232111,-9.831003198623655,14957.0
28.81,4.0,212.0,21.66798973083496,30.04180145263672,-79.7828086893394,40.45892879457553,293.29519879150394,0.0114225083962082,-0.0048931129276752,-0.9697145223617554,0.2439252138137817,-0.0656074336371769,0.0708980374283522,3.0652520463589994,0.1334637105464935,0.0864652171730995,0.0196811258792877,0.1200786581821739,-0.2167302823998034,-9.774950035214424,14958.0
28.91,4.0,213.0,21.775665283203125,26.04205894470215,-79.78280871778284,40.45892872522021,293.6132281951905,0.0124639887362718,-0.0054662469774484,-0.9695191979408264,0.2446371018886566,-0.0738154296687393,0.0810499666894614,3.072830588490379,-0.0079817092046141,0.020794253796339,0.0500969663262367,0.0116623721178621,-0.2165245152264833,-9.811110970973967,14958.0
29.1,4.0,212.0,21.63167953491211,28.04590606689453,-79.78280869417414,40.45892870511016,293.9202808074952,0.013603713363409,-0.0061363629065454,-0.9694141745567322,0.244976595044136,-0.0685430539750728,0.0745303470680316,3.066215436940423,0.038492627441883,-0.0727260783314704,0.0541937537491321,0.0615180716570466,-0.5304559687525034,-9.779887424111369,14958.0
29.21,4.0,213.0,21.70555114746093,26.376033782958984,-79.78280865288491,40.45892863018828,294.54356610107425,0.0137786278501153,-0.0077948016114532,-0.969493806362152,0.2446041703224182,-0.077653261066589,0.0772326196310381,3.086679829637,-0.0500582493841648,-0.066572830080986,0.0357756540179252,0.0479389731120318,-0.3810827053338289,-9.900809597969056,14959.0
29.41,3.900000095367432,213.0,21.67424964904785,27.497234344482425,-79.78280868655659,40.45892863284554,295.1705440216065,0.0124809043481946,-0.0086885206401348,-0.9696156978607178,0.2441602051258087,-0.0652822712087848,0.0622255798444526,3.0778954384335435,0.0385352298617363,-0.0252275019884109,0.0729177072644233,0.1024815449025482,-0.3167384093999862,-9.881427247524265,14960.0
29.5,4.0,213.0,21.67424964904785,26.59073257446289,-79.782808695068,40.458928641901096,295.4792121582032,0.0125699993222951,-0.0079644527286291,-0.9695819616317748,0.2443142533302307,-0.059750282889225,0.0527876500551383,3.0935487942905,0.019271744415164,-0.007441802881658,-0.0137903094291687,0.0511430097464472,-0.2071251160651445,-9.888476650714876,14960.0
29.6,3.900000095367432,213.0,21.70054244995117,26.447599411010746,-79.78280865034104,40.45892859977791,295.80137287902835,0.0123348180204629,-0.00674071861431,-0.9695072174072266,0.2446595728397369,-0.0582879474916577,0.0611877084510645,3.0997574740141127,0.0671799257397651,-0.0476561747491359,0.1272735148668289,0.1312816858291626,-0.4375745560973882,-9.886873344182966,14960.0
29.8,3.900000095367432,213.0,21.660476684570312,27.98229217529297,-79.78280865409359,40.458928619057296,296.4196990661621,0.0133758950978517,-0.0042203264310956,-0.969416081905365,0.2450220435857773,-0.0868146520062596,0.0412150889703458,3.0765916181285875,-0.1248639598488807,-0.0299381278455257,-0.0806808471679687,0.1310156283807009,-0.0791193419415503,-9.679442784190178,14961.0
29.9,3.900000095367432,213.0,21.74186134338379,26.82928466796875,-79.7828086790698,40.458928642938936,296.740375869751,0.0137915629893541,-0.0031940932385623,-0.9694395065307616,0.2449216991662979,-0.063189631276525,0.0276529074150015,3.0803357817103327,0.1781353950500488,0.0421281978487968,0.0794063806533813,0.1709285853803158,-0.330491243340075,-9.826042420864106,14961.0
30.11,3.900000095367432,212.0,21.81447982788086,24.865196228027344,-79.78280872077083,40.45892869969363,297.368456237793,0.0119767319411039,-0.0035253923851996,-0.9695176482200624,0.2447033822536468,-0.0839315966295388,0.0177225564906777,3.0732472137665336,-0.0667571276426315,-0.0677215009927749,0.059681661427021,0.1381874119676649,-0.4153708144649864,-9.77698662042618,14962.0
30.31,3.900000095367432,212.0,21.71932411193848,25.47748374938965,-79.78280871620453,40.45892874051998,297.9803718261718,0.0085191242396831,-0.0067733828909695,-0.969415843486786,0.2451826184988021,-0.0771136422800409,0.023313202549905,3.0557830933037624,-0.0419745482504367,0.0102502154186368,0.0496538877487182,0.0040781679656356,-0.1684426964633167,-9.757639937996863,14962.0
30.4,3.900000095367432,212.0,21.72433280944824,26.14543342590332,-79.78280880864223,40.45892875863056,298.3043445281982,0.0101019516587257,-0.0071193408221006,-0.9692089557647704,0.245929405093193,-0.0489409945193686,0.0262912694998519,3.071238720000208,0.0137198660522699,-0.1118699237704277,-0.0072010606527328,0.0638803741894662,-0.392299236394465,-9.72940081000328,14963.0
30.5,3.799999952316284,213.0,21.775665283203125,26.034107208251957,-79.78280880915945,40.45892878963914,298.6107066802979,0.0120847830548882,-0.0062837633304297,-0.9691694378852844,0.2460186630487442,-0.0672639773659923,0.0201108065798725,3.054290663380001,0.1182864904403686,0.0229391995817422,0.0230621136724948,0.1333099935762584,-0.3237044532224536,-9.703411690592766,14963.0
30.7,3.799999952316284,213.0,21.71556663513184,27.57675170898437,-79.7828088485457,40.45892882491825,299.240059249878,0.0132405962795019,-0.0049964431673288,-0.969153881072998,0.2460501194000244,-0.0851922505007636,0.0214912985086778,3.0605994605529845,0.0281355716288089,-0.0360030196607112,1.3619514902529772e-05,0.1247204429190606,-0.4033321648836136,-9.813415943384172,14964.0
30.9,3.799999952316284,213.0,21.72808837890625,26.686153411865234,-79.78280887298081,40.45892885873012,299.86309086608884,0.0119987484067678,-0.0029871421866118,-0.9691997170448304,0.2459656149148941,-0.1061920839600139,0.0032703715482294,3.086293426508413,-0.0937209203839302,-0.0159744210541248,0.0111188748851418,0.0115478854626417,-0.1561559056676924,-9.838532073497774,14964.0
31.0,3.799999952316284,214.0,21.69803810119629,26.01820373535156,-79.78280886898231,40.45892890040777,300.17215191650394,0.0112263476476073,-0.0030528209172189,-0.9692202806472778,0.2459203600883484,-0.0902950818369403,-0.0034858559902881,3.093411284891073,0.036965288221836,-0.0534009933471679,0.1368576437234878,0.0983039651345461,-0.4922537700086833,-9.915266253948213,14965.0
31.2,3.799999952316284,215.0,21.696786880493164,26.773622512817383,-79.78280890261327,40.45892899476982,300.7948707275392,0.0120332343503832,-0.0040480699390172,-0.969101071357727,0.2463371753692627,-0.1183562109036181,0.0014857739407103,3.0877974221283213,-0.1999573111534118,-0.0471092462539672,-0.0583516024053096,0.0442167041497305,-0.1302506481204182,-9.760972850918767,14965.0
31.3,3.799999952316284,214.0,21.70805549621582,25.914831161499023,-79.78280888070235,40.458929045307656,301.10359036254886,0.013495490886271,-0.0040605282410979,-0.969072163105011,0.2463748157024383,-0.1138909781230954,0.001658395817961,3.0807552973045764,0.0609617941081523,-0.1148721873760223,0.0810836181044578,0.1598210318014026,-0.4723412232846022,-9.780252875089646,14966.0
31.4,3.799999952316284,214.0,21.699291229248047,26.9724178314209,-79.78280892257484,40.45892912022982,301.42037808227536,0.0153362797573208,-0.002726707374677,-0.9691376686096193,0.2460277676582336,-0.1084836397384956,-0.0004228367025128,3.0661880120334124,0.1431705951690673,-0.0133452545851469,0.0057652564719319,0.1743812017701566,-0.3341943946480751,-9.661102407574656,14966.0
31.6,3.799999952316284,217.0,21.72683525085449,25.95458984375,-79.78280896766161,40.4589292472706,302.0474609069824,0.0170304886996746,-0.0011158041888847,-0.9690716862678528,0.2461888790130615,-0.1516514406745112,-0.001651236804278,3.0617779384012405,-0.1513623297214508,-0.1096201390028,-0.0497194565832614,0.1402170353382826,-0.2983199359104037,-9.736137387156488,14967.0
31.7,3.799999952316284,216.0,21.776918411254886,25.517242431640625,-79.78280894691859,40.45892929785138,302.35372006225583,0.0172567218542099,-0.0018434304511174,-0.9691221117973328,0.2459698766469955,-0.1287252512633604,-0.0109440663044305,3.0532511258698936,0.1803325563669204,0.053412776440382,0.1611214727163314,0.1592376258596778,-0.5244992274418474,-9.74030820608139,14967.0
31.9,3.799999952316284,217.0,21.630428314208984,27.46542739868164,-79.78280865641399,40.45892941968926,302.980329864502,0.0191214438527822,-0.0041462741792202,-0.9691277146339417,0.2457818537950516,-0.1845138175643776,0.0318573667502455,3.04014320228734,-0.1341315507888794,0.0024569360539317,-0.0483302138745784,0.2184217539802193,-0.342667667940259,-9.667890440225602,14967.0
32.1,3.799999952316284,218.0,21.68802261352539,26.94061088562012,-79.7828086158387,40.4589295675105,303.5934318237305,0.0194767545908689,-0.0051190271042287,-0.969154953956604,0.2456282377243042,-0.1509406535519297,0.0283417286873917,3.0419556191201305,0.1151330024003982,0.0290598701685667,-0.0107660135254263,0.1780499093234539,-0.3144706398993731,-9.766457539200784,14968.0
32.2,3.799999952316284,219.0,21.716819763183597,26.41579246520996,-79.78280858024573,40.45892961216268,303.8983749084473,0.0192072205245494,-0.0047897999174892,-0.9692234396934508,0.2453858405351639,-0.1655271060049313,0.0306411785263646,3.0522029011183114,-0.1193451508879661,-0.0544012375175952,-0.0107842572033405,0.0495905191730707,-0.2352710175141693,-9.805164352655412,14968.0
32.4,3.799999952316284,220.0,21.7844295501709,24.88109970092773,-79.78280855011155,40.45892970336181,304.51671063232425,0.0170141514390707,-0.003536159871146,-0.9691303968429564,0.2459356486797333,-0.1440130124469425,0.0177218120417479,3.062064386396032,-0.0129838045686483,0.0429408550262451,-0.0163516122847795,0.1108615825138986,-0.1960387220978737,-9.74938425421715,14969.0
32.61,3.799999952316284,221.0,21.72433280944824,25.87507247924805,-79.78280855130055,40.45892984442138,305.1313880615235,0.0151272825896739,0.0014811364235356,-0.9687477946281432,0.2475817650556565,-0.1325810724385301,-0.0022482162181068,3.047916262307824,-0.0345211960375309,-0.0850517302751541,-0.0558266714215278,0.1369928075373173,-0.3096844015270472,-9.654878631234167,14970.0
32.7,3.799999952316284,221.0,21.70555114746093,26.773622512817383,-79.7828085242991,40.45892989068814,305.4364494018555,0.0150365065783262,0.00156476336997,-0.9687423706054688,0.2476079016923904,-0.1259127235366036,-0.0214339267805916,3.046538433626625,0.1362690031528473,0.0483238957822322,0.1037037000060081,0.1300753138773143,-0.4964292667061091,-9.835404982566834,14970.0
32.8,3.799999952316284,220.0,21.636688232421875,27.79940223693848,-79.78280849295338,40.45892993323672,305.7417968444824,0.0154990125447511,0.0004366430803202,-0.968774676322937,0.24745774269104,-0.1382273914557923,-0.0121685708083042,3.0529302752324217,0.008779264986515,0.0976073816418647,0.0135238738730549,0.0533597348816692,-0.1964671037346124,-9.813477923870089,14970.0
33.0,3.700000047683716,219.0,21.60538673400879,27.680124282836918,-79.78280841682732,40.45893033127533,306.3620017700196,0.0167422816157341,-0.0022964302916079,-0.968704879283905,0.2476394325494766,-0.1416969956514739,-0.0326033397211114,3.076908837163507,0.0738913640379905,-0.0761803090572357,0.0886068940162658,0.1445119431428611,-0.5594644806906581,-9.888420517444612,14971.0
33.1,3.700000047683716,218.0,21.72433280944824,26.30446815490723,-79.78280846494,40.458930421228615,306.6752189331055,0.0180933326482772,-0.0011772620491683,-0.9687637686729432,0.2473217993974685,-0.1536697384777128,-0.0163640722071216,3.0919986358081526,-0.0430931411683559,-0.0757884159684181,0.0369162335991859,0.0928078839182853,-0.2709143650531769,-9.893321653604508,14971.0
33.3,3.700000047683716,218.0,21.696786880493164,25.453628540039062,-79.782808434342,40.458930554153454,307.29682003784177,0.0152501733973622,-0.001118735759519,-0.9689235091209412,0.2468878030776977,-0.1354783149020217,-0.0280252758997437,3.1337022960012386,0.1084526926279068,0.0777888149023056,0.069614291191101,0.2107263065502048,-0.3596357761323452,-10.0712009704113,14972.0
33.4,3.700000047683716,217.0,21.74186134338379,24.94471549987793,-79.78280849537215,40.45893055717976,307.60528790283206,0.0143080586567521,-0.0007914064917713,-0.9688872694969176,0.2470874786376953,-0.12357251001863,-0.0046072359583453,3.133549957390777,-0.0597458556294441,0.0250039175152778,-0.0534712970256805,0.1624543070979416,-0.3125112744793296,-9.929784890413282,14972.0
33.6,3.799999952316284,216.0,21.683013916015625,26.86904335021973,-79.78280851428104,40.45893051676752,308.2264503173828,0.0157254990190267,0.0006452908855862,-0.9687708616256714,0.2474578619003296,-0.1027281977110289,0.00107604499311,3.097797235436752,0.0263340733945369,0.1051346585154533,-0.0793544575572013,0.2188745294697582,-0.1645725523307919,-9.767825202941896,14973.0
33.7,3.799999952316284,216.0,21.65171241760254,27.21096992492676,-79.78280850784269,40.45893054035904,308.53620755004886,0.0165761187672615,1.3097287592245266e-05,-0.968660831451416,0.2478334754705429,-0.1281069338068476,0.0064974940600799,3.093184798382815,-0.12886343896389,-0.0194724332541227,-0.1902813613414764,0.0595697154477238,0.0188391623832285,-9.689609338045123,14973.0
33.8,3.799999952316284,216.0,21.640443801879886,26.853139877319336,-79.78280849881831,40.4589305623016,308.84524761962894,0.0174841731786727,-0.0012725956039503,-0.968648076057434,0.2478180676698685,-0.1023567099195174,0.007489346151592,3.0830756473504617,0.1658980548381805,-0.0427592918276786,0.1444675475358963,0.0799111919850111,-0.5847751403599978,-9.72720751941204,14973.0
34.0,3.799999952316284,215.0,21.709306716918945,26.717960357666016,-79.78280848822686,40.45893063069451,309.4632743530274,0.0202088095247745,-0.0035979331005364,-0.9689380526542664,0.2464504241943359,-0.1297395193479985,0.0316163197030182,3.064171205200691,-0.1013305783271789,-0.0081601925194263,-0.0283367447555065,0.070377156115137,-0.2949622088670731,-9.673138900995257,14974.0
34.1,3.900000095367432,215.0,21.65171241760254,28.96036148071289,-79.78280839881087,40.458930655411095,309.7763465576172,0.0194009281694889,-0.0039881095290184,-0.9690269231796264,0.2461599260568619,-0.1335130191008708,0.0325868887760092,3.0600104116724185,0.056299015879631,0.0608530230820179,-0.0069967713207006,0.1653339694440365,-0.3477514199540019,-9.686284026503564,14974.0
34.3,3.900000095367432,215.0,21.73810386657715,25.64447021484375,-79.78280837680859,40.45893070158715,310.3891738586426,0.0154833542183041,-0.0017375643365085,-0.96893709897995,0.2468162477016449,-0.1148627879952423,0.0197869530710086,3.0620255171578803,-0.0124800009652972,-0.0062040141783654,0.0475610457360744,0.1731414093263447,-0.4708903098106385,-9.818306554555894,14975.0
34.51,4.0,214.0,21.730592727661133,24.761823654174805,-79.78280842381099,40.45893067390277,311.0124496154785,0.0101674627512693,-0.0011553426738828,-0.9686449766159058,0.2482383549213409,-0.0821750561735573,0.0125005258870303,3.0560389364122664,-0.0008985748863779,-0.088522121310234,0.0157429240643978,0.1223313162848353,-0.4762682498618961,-9.780184462666512,14976.0
34.6,4.0,213.0,21.654216766357425,27.41771697998047,-79.78280843325699,40.45893071477448,311.32694088745114,0.0108327828347682,-0.0006135537405498,-0.9685091972351074,0.2487413287162781,-0.0836296394380593,0.0172360784982993,3.0465181745961125,0.0493104010820388,0.0430169962346553,-0.1194761618971824,0.079459713846445,0.0046518985927104,-9.58424952864647,14976.0
34.7,4.0,214.0,21.61164665222168,27.76759529113769,-79.78280841097784,40.45893072631876,311.63056790161136,0.0120257623493671,-0.0006180051714181,-0.9684121608734132,0.2490641921758652,-0.0878946450864919,0.02394900696364,3.0333018839820887,-0.0075104474090039,0.0674995258450508,-0.1179941743612289,0.0601336976699531,-0.1595980701595545,-9.66940486907959,14976.0
34.9,4.0,214.0,21.62166404724121,27.79145050048828,-79.78280847590389,40.45893072634345,312.2489036254883,0.0150075033307075,-0.0026241377927362,-0.968377947807312,0.2490223497152328,-0.0994826832000033,0.0320147265107616,3.025829484017741,-0.038614097982645,0.0372627899050712,0.0062938537448644,0.0348781936895102,-0.3347247736528516,-9.634733803868292,14977.0
35.1,4.0,214.0,21.739356994628903,24.984474182128903,-79.78280861616615,40.45893076654097,312.86535107421884,0.0168175306171178,-0.0032392204739153,-0.9682988524436952,0.2492068707942962,-0.1056993167198198,0.0431514242761958,3.0435139417791226,0.0369611904025077,0.0011145917233079,0.0004270391073077,0.1662367978133261,-0.3207020907104016,-9.891258755922316,14977.0
35.2,4.0,214.0,21.62541961669922,27.34615135192871,-79.7828085945799,40.458930774547966,313.1698745422364,0.0166411008685827,-0.0028160563670098,-0.9683068990707396,0.2491928040981293,-0.1326167127685074,0.051818587291246,3.0415562545864527,-0.1868210881948471,-0.1107008159160614,-0.173033207654953,0.1595179267600179,-0.1664696266315877,-9.803654601573944,14978.0
35.4,4.0,215.0,21.620410919189453,27.62446212768555,-79.78280862911879,40.45893071144813,313.7831748657227,0.0151520753279328,-0.000728107523173,-0.9683376550674438,0.2491831034421921,-0.1065713038882664,0.0512197825700693,3.0403132484167488,-0.0271727014333009,-0.0058441660366952,-0.0560764297842979,0.0254430625587701,-0.1771558152325451,-9.737464705109597,14978.0
35.51,4.099999904632568,216.0,21.662981033325195,25.58085632324219,-79.7828086077897,40.458930703344,314.08732067871085,0.0154510550200939,0.0004055741010233,-0.9683239459991456,0.249218538403511,-0.0990650699613359,0.0522573125081679,3.0417254242444023,0.0203771833330392,-0.0408086851239204,0.0330637209117412,0.1645870972797274,-0.3462404628843069,-9.760885727405553,14979.0
35.6,4.099999904632568,216.0,21.629175186157227,27.05988693237305,-79.78280875917048,40.45893056700477,314.3956817321777,0.0164157655090093,0.0007657470414415,-0.9683938026428224,0.2488845437765121,-0.0546434188549509,0.0489723318905163,3.0298412861922746,0.1424979716539383,0.0913988426327705,0.0408706739544868,0.2260652708262205,-0.5445890909805894,-9.736677085161212,14979.0
35.8,4.099999904632568,214.0,21.63167953491211,27.680124282836918,-79.78280875632866,40.45893050014165,314.9996513061524,0.0181320142000913,-0.0014076870866119,-0.9683977961540222,0.2487469017505645,-0.0833875416552816,0.06349645655715,3.006712897780984,-0.0063261776231229,-0.0046922541223466,-0.0426029749214649,0.1399761391896754,-0.3097728406637907,-9.717393552660944,14979.0
36.0,4.099999904632568,215.0,21.5352725982666,29.29433441162109,-79.78280897752505,40.458930409575366,315.3103889160156,0.0203057564795017,-0.0018863048171624,-0.9683648943901062,0.248703733086586,-0.0634888899860133,0.0758140265485456,3.0036499602059794,0.1097455695271492,0.053948488086462,0.0029391937423497,0.1578475234284997,-0.3441084218770265,-9.681383475065232,14980.0
36.1,4.099999904632568,215.0,21.542783737182614,28.11747169494629,-79.78280911805716,40.45893018461887,315.91852032470706,0.0199520662426948,-0.0005287397652864,-0.9684430360794068,0.2484346032142639,-0.0429685081919245,0.0910899609772866,3.028730248612898,0.1106265783309936,0.0528465583920478,0.003045595716685,0.2042503690347076,-0.4221431692689657,-10.000245008468626,14980.0
36.3,4.099999904632568,215.0,21.654216766357425,26.21699905395508,-79.78280920368265,40.45893004267847,316.5285323791504,0.0205097999423742,-0.0017604372696951,-0.9683341979980468,0.2488076239824295,-0.0386210183160232,0.0835573308940912,3.0653723850672803,0.0929005742073059,0.0013092765584588,0.0056629832834005,0.2216404817439616,-0.4035589637607336,-9.985657374858857,14981.0
36.4,4.0,216.0,21.54403686523437,28.37988090515137,-79.78280924356785,40.458930087977976,316.8330215148926,0.0194190945476293,-0.0024503688327968,-0.9681434035301208,0.2496303021907806,-0.0686279341631587,0.0865850531978015,3.0519244762752966,-0.0772598907351493,0.0157100614160299,-0.0330356061458587,0.1236985688935965,-0.2426075007207692,-9.759826796650886,14981.0
36.6,4.099999904632568,216.0,21.54904556274414,28.32421875,-79.7828092804243,40.45893003330004,317.1381553344727,0.0188539288938045,-0.0029910611920058,-0.9679720401763916,0.2503314912319183,-0.0479937609437515,0.0842310456679632,3.0533468470716323,0.0060256733559072,-0.0699504241347312,0.0779228135943412,0.1373484096117317,-0.4648650464415551,-9.824991091489792,14982.0
36.7,4.0,216.0,21.6279239654541,27.61651039123535,-79.7828094415097,40.458929941343534,317.7486747436524,0.0176747143268585,-0.0012774621136486,-0.96812105178833,0.2498552650213241,-0.058820586272369,0.0820759369166324,3.0780566225511232,-0.1187388375401496,-0.0382558219134807,-0.0838114321231842,0.1930604793503881,-0.3689788227528334,-9.987335525751112,14982.0
36.91,4.0,216.0,21.66172981262207,26.781574249267567,-79.78280947587291,40.458929889049934,318.0572990112305,0.0164416991174221,6.378276157192886e-05,-0.968455970287323,0.2486419528722763,-0.0482549068572253,0.0727390433779351,3.093338909254604,0.0245032589882612,-0.0556241013109684,-0.0835418924689292,0.1480988079495728,-0.2600170188769698,-9.95203939318657,14983.0
37.0,4.0,215.0,21.666736602783203,26.081817626953125,-79.78280959062208,40.45892973581376,318.67236935424813,0.0171588882803916,-0.0014667419018223,-0.96898090839386,0.2465351670980453,-0.0392492178230579,0.0638515039879249,3.1001662258575533,0.0821675881743431,0.0806313678622245,0.0196204520761966,0.1980531609803438,-0.2752589011006057,-9.872001535892489,14983.0
37.2,3.900000095367432,216.0,21.63919258117676,27.17121124267578,-79.78280966444181,40.45892966332424,319.28284298706063,0.0194214582443237,-0.0043334350921213,-0.969119131565094,0.2457889318466186,-0.0595540010890037,0.0801453784800264,3.0563535583583934,-0.0234967395663261,-0.0997351631522178,0.0708178356289863,0.0884789343550801,-0.5787589401751757,-9.639437888860703,14984.0
37.3,3.900000095367432,216.0,21.607891082763672,26.686153411865234,-79.78280969212071,40.45892961836503,319.58817135620114,0.0174890048801898,-0.0050683063454926,-0.9690818786621094,0.2460668534040451,-0.0702258492779821,0.0849129916022367,3.050520796043757,-0.057409681379795,-0.0092843361198902,-0.020782470703125,0.0135577927529811,-0.2174980949051678,-9.71139723300934,14984.0
37.5,3.900000095367432,217.0,21.6279239654541,27.06783866882324,-79.78280982630301,40.45892953935808,319.897135131836,0.0137848248705267,-0.0058558206073939,-0.9688714742660522,0.2471110522747039,-0.0411175920394554,0.0859200712804495,3.061602953498133,-0.0131752016022801,-0.0342678502202034,0.1240879222750663,0.1374576337728649,-0.5652363038063051,-9.865664323568344,14984.0
37.6,3.900000095367432,217.0,21.67550277709961,26.185192108154297,-79.78281000802036,40.45892940467317,320.51640164184573,0.0117622902616858,-0.0049959425814449,-0.968507707118988,0.2486556619405746,-0.0343258362345485,0.0824352065006533,3.0903648457901656,-0.1740964353084564,-0.0565162375569343,-0.1561748534440994,0.1201341427769512,-0.1511553668417036,-9.914130724668505,14985.0
37.8,3.799999952316284,217.0,21.64294815063477,26.511213302612305,-79.78281005510708,40.45892933540908,321.13242565917966,0.0149486940354108,-0.0059396703727543,-0.9679983854293824,0.2504405677318573,-0.0352250324804049,0.0726957949363956,3.0585545513442303,0.0774834156036377,0.0545227192342281,0.0363801084458828,0.1443385183811187,-0.3611868962645531,-9.611018081903456,14986.0
37.9,3.799999952316284,218.0,21.652965545654297,26.9167537689209,-79.78281047776595,40.45892942968067,321.426073425293,0.0167329087853431,-0.0058343540877103,-0.9678416848182678,0.2509354948997497,-0.0522680540187677,0.0330204767176357,3.0203275238527567,-0.1049279645085334,-0.0688799545168876,-0.0706977546215057,0.0694313461426645,-0.1732230693474412,-9.578411083817482,14986.0
38.0,3.900000095367432,217.0,21.71932411193848,25.80350685119629,-79.78281053390799,40.45892943847885,321.72711788940427,0.0175697989761829,-0.0050555374473333,-0.9677606225013732,0.2512075603008269,-0.0481518481738168,0.0244464650335616,3.002135633878292,0.0660485550761222,-0.0813735872507095,0.1098062545061111,0.1339740454126149,-0.5482062882184983,-9.648269523382188,14986.0
38.2,3.900000095367432,217.0,21.624168395996094,26.495309829711918,-79.78281070531497,40.4589293914359,322.3302253417968,0.0185672119259834,-0.0044653746299445,-0.9675156474113464,0.2520891427993774,-0.0763178775553745,0.0189636272889875,2.98401212642312,-0.1507731527090072,-0.0356392599642276,-0.0546224899590015,0.003252732977271,-0.2966858949512243,-9.67858031988144,14987.0
38.31,3.900000095367432,218.0,21.63919258117676,26.58278083801269,-79.78281076115198,40.45892940830172,322.6283210449218,0.0185979064553976,-0.0054302611388266,-0.9673894047737122,0.2525518834590912,-0.0787024403617322,0.0103274034111706,2.9770022403465988,-0.0829943194985389,0.0022144927643239,-0.0321503728628158,0.1117690338380634,-0.216577030532062,-9.7339902895689,14987.0
38.5,3.900000095367432,217.0,21.60163116455078,27.7596435546875,-79.78281085445967,40.458929386143375,323.2265151672364,0.0187030266970396,-0.0039854426868259,-0.9672876000404358,0.2529608905315399,-0.0863647130185383,0.0232906331324437,2.9757915120666967,0.1511751115322113,0.0657206624746322,0.0579802244901657,0.1837751008942723,-0.3831670184433461,-9.759147350192071,14988.0
38.7,3.900000095367432,217.0,21.64169692993164,26.853139877319336,-79.7828109777343,40.45892929924698,323.8393272094727,0.0183809902518987,1.2516829883679748e-06,-0.9673680067062378,0.2527079582214355,-0.0943237200712824,0.0199084103633694,2.9815011381180767,-0.0275752730667591,-0.1583354473114013,-0.0328593328595161,0.0959629866667092,-0.4381666597723961,-9.664940519928932,14988.0
38.8,4.0,214.0,21.547792434692383,27.76759529113769,-79.78281100530495,40.45892931217076,324.1373962097168,0.0171277094632387,0.0014299233444035,-0.967657506465912,0.2516815960407257,-0.0889630180991119,-0.0003220638638395,2.9808178519845456,0.0137207452207803,-0.062200978398323,0.0682844966650009,0.1390307631902397,-0.5068327789753676,-9.845530021190644,14989.0
38.9,4.0,214.0,21.65546989440918,26.61458778381348,-79.782811063825,40.45892934306448,324.4461196594238,0.0166404619812965,-0.0002247384109068,-0.9678124189376832,0.2511222064495087,-0.100680395346568,-0.0056900389704657,3.012357658176517,-0.0564238838851451,0.0727190151810646,-0.0420256145298481,0.0251433105301112,-0.1299247846193611,-9.850965592861176,14989.0
39.1,4.0,212.0,21.6279239654541,26.638442993164062,-79.78281121909886,40.45892926340319,325.0466064147949,0.0137410331517457,-0.002182719996199,-0.9677461981773376,0.2515427768230438,-0.0451838681654057,0.0055159285845322,3.0309857522847747,0.160981148481369,0.0371881276369094,0.1317538917064666,0.1691027557477355,-0.460042738057673,-9.971729307174684,14990.0
39.3,4.0,211.0,21.55530548095703,27.71988296508789,-79.782811289256,40.45892928559427,325.65442501831063,0.0125667015090584,-0.0011289145331829,-0.9675242900848388,0.2524630725383758,-0.0646482326422739,0.0107280830093604,3.035881721228832,-0.0660223588347435,-0.0610605850815773,-0.0812414214015007,0.083972731931135,-0.1859623067267239,-9.791463741660117,14990.0
39.4,4.0,211.0,21.50897979736328,28.03000259399414,-79.78281139655631,40.45892924382185,325.9532035522461,0.0129875065758824,0.0016223218990489,-0.9675750732421876,0.2522443830966949,-0.0440595996256451,0.0053564332956763,3.0254339772927006,0.1076397597789764,-0.0407822206616401,0.0486168973147869,0.1080240566655993,-0.4995052675902844,-9.829078295230866,14990.0
39.5,4.0,210.0,21.61164665222168,26.5748291015625,-79.78281142308272,40.45892924706019,326.2563613586426,0.0152928130701184,0.0034274037461727,-0.9678016901016236,0.2512258291244507,-0.0699637556882853,-0.0039516181213625,3.035435664718945,-0.0170609727501869,-0.0173550527542829,-0.0468303263187408,-0.0064777282252907,-0.1669663110561668,-9.836363925933838,14991.0
39.7,4.0,210.0,21.5352725982666,28.316267013549805,-79.78281155238531,40.45892922994532,326.85985409545896,0.0161006860435009,0.0002623456530272,-0.9682074189186096,0.2496298402547837,-0.0745631930398506,0.0005187402369499,3.0271934182140363,0.0762223824858665,0.0721810087561607,0.0681435391306877,0.1046778961457312,-0.4269758564606309,-9.812260533571244,14991.0
39.8,3.900000095367432,211.0,21.684267044067383,25.596759796142567,-79.78281157531238,40.45892922574189,327.16296994018563,0.0149813815951347,-0.0023980864789336,-0.9681950807571412,0.2497361153364181,-0.0798662698837902,0.0200613344538716,3.032024200330024,-0.0445738919079303,0.063374750316143,0.1046431809663772,0.0284356538252905,-0.259998490512371,-9.779881576895717,14992.0
39.91,3.900000095367432,209.0,21.55280113220215,28.196990966796875,-79.78281173267895,40.45892920310367,327.45636975097665,0.0154185239225626,-0.0028601228259503,-0.96816486120224,0.2498218268156052,-0.0544886058826825,0.0292640829789805,3.0017531321659234,-0.015914062038064,-0.0916630029678344,0.0730190128087997,0.0663834941200912,-0.4885547117516399,-9.690503377318382,14992.0
40.1,3.900000095367432,208.0,21.630428314208984,26.95651435852051,-79.7828119122249,40.45892915073465,328.0579589538574,0.0135729080066084,-0.0006486724014393,-0.9681655168533324,0.2499420195817947,-0.0705869094036501,0.0274846088408976,3.0078414669551137,-0.1234005764126777,-0.0615530237555503,-0.0752975940704345,0.0522858800226822,-0.2318548548594117,-9.795596553683284,14993.0
40.21,3.900000095367432,207.0,21.626672744750977,25.88302421569824,-79.78281193996,40.45892914584308,328.3585456542968,0.0111118797212839,8.128216722980142e-05,-0.9680891633033752,0.2503597438335419,-0.0466605444080729,0.0142780650759929,3.003666013054628,0.1359566152095794,0.0322451815009117,0.0775496289134025,0.1696886284835636,-0.2970566266961396,-9.872220221757887,14993.0
40.4,3.900000095367432,205.0,21.54654121398925,28.30831527709961,-79.78281208068465,40.4589291193361,328.9564460449218,0.0123932277783751,0.00020754232537,-0.9679691195487976,0.2507632076740265,-0.0537558521011412,0.0101117709726059,2.983499048119824,-0.0738832131028175,-0.0697345063090324,-0.0871156379580497,-0.0311400527344085,-0.1569281766749918,-9.672609727978708,14993.0
40.6,3.900000095367432,205.0,21.554052352905277,27.33024787902832,-79.78281223756917,40.45892917506878,329.55174862670896,0.0157878920435905,-0.0009258650243282,-0.967846155166626,0.251045435667038,-0.0811864059845938,0.009975528142388,2.9782028564827523,-0.0024002543650567,-0.0044188625179231,0.0674305707216262,-0.0542987063527107,-0.2091361927986145,-9.730462079644203,14994.0
40.7,3.900000095367432,206.0,21.672998428344727,26.23290252685547,-79.782812257854,40.45892918517024,329.84960018920896,0.0149932550266385,-0.0009878090349957,-0.9677533507347108,0.2514511048793793,-0.0740684192934501,0.0131976035849088,2.975976844968736,-0.0146996658295393,-0.0980990305542946,0.0967736989259719,0.0418729619588702,-0.5030307731777429,-9.7398100233078,14994.0
40.8,3.900000095367432,206.0,21.57158088684082,28.363977432250977,-79.78281228056885,40.458929193971095,330.1466849975586,0.0139848701655864,-0.0003400740388315,-0.9677256941795348,0.2516174614429474,-0.0655197126996125,0.0105421503576934,2.9678409909144854,0.0463013872504234,0.0114031890407204,-0.0118722030892968,0.1132060601748526,-0.2792349529266357,-9.779156522154809,14995.0
41.0,3.799999952316284,206.0,21.50271797180176,28.91264915466309,-79.78281239667709,40.45892912110583,330.7431434326172,0.0116735957562923,-0.000446008372819,-0.9676717519760132,0.2519425451755524,-0.0470560239883435,0.0171768269565475,2.9810034691940417,0.1364298313856125,-0.0331619493663311,0.1626040041446685,0.049706942718476,-0.4992142224311829,-9.828273718357089,14995.0
41.2,3.799999952316284,208.0,21.59161376953125,27.24277687072754,-79.7828125681642,40.458929090907496,331.3379043273926,0.0101966010406613,-0.0015179787296801,-0.9676055312156676,0.2522564828395843,-0.0456521062814009,0.0196604789535842,3.0137514364554145,-0.0345548950135707,-0.0362250879406929,-0.0489327684044838,0.0924191902577877,-0.251535449847579,-9.937710206508635,14996.0
41.3,3.799999952316284,207.0,21.600378036499023,26.79747772216797,-79.78281258511672,40.45892908814234,331.63967739868167,0.0109492810443043,-0.0019509346457198,-0.967680275440216,0.2519351243972778,-0.0388107625842435,0.0174462321486804,3.0193740855517484,0.0578955709934234,0.0077819931320846,-0.0819239765405654,0.1825945115089416,-0.2859972212836146,-9.907359648942949,14996.0
41.4,3.799999952316284,208.0,21.604135513305664,25.71603775024414,-79.78281266332706,40.45892901736536,331.93525540161136,0.0110518019646406,-0.0025543335359543,-0.9678014516830444,0.2514592707157135,-0.0699110460765555,0.0362350482884213,3.0191462859773543,-0.0913884043693542,-0.020266955718398,-0.1092051044106483,0.0632313972059637,0.039565586708486,-9.808993694186212,14996.0
41.6,3.700000047683716,207.0,21.622915267944336,26.312419891357425,-79.7828128384852,40.45892894969521,332.5335258178711,0.0099670449271798,-0.0025797002017498,-0.9678178429603576,0.2514413893222809,-0.0470817018602152,0.0341110868802895,3.0111250791899127,-0.0086682140827178,0.0023273185361176,0.1112195923924446,0.02153574292548,-0.305150507055223,-9.774721409082414,14997.0
41.7,3.700000047683716,206.0,21.616655349731445,25.636518478393555,-79.78281284793825,40.45892894588067,332.83418118286136,0.0091111678630113,-0.0018748317379504,-0.967724859714508,0.2518375515937805,-0.0501465757198379,0.0336423544614938,3.0043331127719948,-0.0946854501962661,-0.1166326701641082,-0.0071354047395288,0.0775638272613287,-0.3378195221722126,-9.75541273355484,14997.0
41.91,3.700000047683716,205.0,21.610395431518555,25.898927688598643,-79.78281295251337,40.45892891470166,333.43453060913083,0.0094094267114996,-0.0024453247897326,-0.96746826171875,0.2528058290481567,-0.0567330731270067,0.0262711853325958,2.985419691666592,-0.0367900133132934,0.0614283606410026,0.0696517378091812,0.0261847179103642,-0.1458214819058776,-9.641081541180611,14998.0
42.1,3.700000047683716,205.0,21.660476684570312,25.19917106628418,-79.78281294863997,40.4589289156394,333.732282989502,0.0105093941092491,-0.0020706348586827,-0.9673402309417723,0.2532554566860199,-0.0467820434291203,0.0350968149491529,2.966317397681385,0.0379006192088127,-0.0699046477675437,-0.0393649041652679,0.1041852316819131,-0.3697693663090468,-9.614567341804506,14998.0
42.2,3.700000047683716,205.0,21.53026390075684,26.51916694641113,-79.78281305164805,40.458928890475406,334.3323005371093,0.0104678943753242,0.0008500184630975,-0.9673934578895568,0.2530605494976044,-0.0647873139686891,0.0255740635743378,2.958014100091096,0.0116185639053583,0.0738022327423095,0.010721200145781,0.0635571876168251,-0.1994166403077543,-9.690196983218192,14999.0
42.4,3.700000047683716,205.0,21.65797233581543,25.46953201293945,-79.78281314947142,40.45892884478432,334.934732788086,0.0109685081988573,-0.0017997955437749,-0.9676142930984496,0.2521885633468628,-0.0611716178561943,0.0287961425191586,2.9798945497283564,0.0494807921350002,0.0094999019056558,0.0861085727810859,0.0307026284700259,-0.0445866912882775,-9.7855837816,14999.0
42.5,3.700000047683716,205.0,21.630428314208984,26.5748291015625,-79.78281313320477,40.458928835582775,335.23223339843764,0.011516778729856,-0.0026648074854165,-0.9676814675331116,0.2518984377384186,-0.0594151849461013,0.0435672559536838,2.968893401263569,0.1065439358353614,0.0946394726634025,0.1028769165277481,0.1342449176777154,-0.3115451317280531,-9.720982573628426,15000.0
42.61,3.5999999046325684,205.0,21.640443801879886,25.54109764099121,-79.78281318771084,40.45892881296979,335.53592144775394,0.0117414221167564,-0.002750696381554,-0.9676880240440368,0.2518622577190399,-0.0858133300125305,0.0508721494084617,2.9803322832895915,-0.1650169491767883,-0.0363068431615829,-0.0360631570219993,0.0713468437409028,-0.1418178385309875,-9.711349285840988,15000.0
42.8,3.5999999046325684,206.0,21.626672744750977,26.12952995300293,-79.78281314965835,40.458928807069626,336.129930847168,0.012430801987648,-0.0026706722564995,-0.9676362872123718,0.2520285248756409,-0.0674352754071723,0.0397530119329097,2.9637261460259583,0.1150578781962394,0.0978687852621078,0.0215632263571024,0.1580092903040349,-0.289653814136982,-9.743014297485352,15001.0
43.0,3.5999999046325684,205.0,21.634183883666992,26.66229820251465,-79.78281315070541,40.45892881682996,336.7351859741211,0.0138498498126864,-0.0005217136931605,-0.9674383401870728,0.2527272999286652,-0.0803410107318017,0.0366153132707435,2.9964688958363275,0.1357375234365463,-0.0321842543780803,0.0654946342110633,0.1438929970934987,-0.3331036696583033,-9.92948902130127,15001.0
43.1,3.5999999046325684,204.0,21.511484146118164,27.409765243530277,-79.78281322427497,40.45892872839384,337.02692639160165,0.0135978320613503,0.0004302399174775,-0.967289388179779,0.2533103823661804,-0.0819632899151675,0.0416365237861746,3.002212412983886,-0.0266610849648714,0.026873642578721,0.1069517210125923,0.0189258930366486,-0.2621813474781811,-9.918572269678116,15002.0
43.2,3.5999999046325684,204.0,21.64169692993164,25.42977333068848,-79.78281321355281,40.4589287108297,337.32840191650394,0.0124666150659322,0.0013234101934358,-0.9671612977981568,0.2538543343544006,-0.0712471506343705,0.0406204216340884,3.0188543661016096,0.0305219311267137,-0.0849612802267074,0.138477474451065,0.0922260494157672,-0.4776318205520511,-9.97357351899147,15002.0
43.4,3.5999999046325684,204.0,21.59161376953125,26.86109161376953,-79.7828132755513,40.458928666069376,337.92357098388675,0.0117753557860851,0.0012795472284778,-0.9669644832611084,0.2546359300613403,-0.0779758129586844,0.0350748208539818,3.009279461606228,-0.1011723577976226,0.0395495481789112,-0.0190183576196432,-0.0657657449226826,0.0228494752384722,-9.80102160036564,15002.0
43.6,3.5999999046325684,204.0,21.58159828186035,27.3620548248291,-79.78281340353139,40.45892856846096,338.5153373413086,0.0083747208118438,-0.0022036477457731,-0.96701318025589,0.2545791864395141,-0.0342296788113379,0.0542916981645904,2.997660791204237,0.017442662268877,0.0694150403141975,0.0062087210826575,0.1175660365261137,-0.2613369181752205,-9.809201270341871,15003.0
43.71,3.5999999046325684,204.0,21.607891082763672,25.946638107299805,-79.78281339841696,40.45892852968184,338.8156379394532,0.006692353170365,-0.0028305454179644,-0.9671225547790528,0.2542070746421814,-0.0490600507930937,0.0672089761097152,3.0072531531358955,-0.2089314460754394,-0.0265679899603128,-0.0340347625315189,0.0502639539632946,0.0210395815526135,-9.81938595056534,15003.0
43.91,3.5999999046325684,204.0,21.799455642700195,21.636775970458984,-79.78281326542648,40.458928582253215,339.412760131836,0.0098286904394626,-0.0008915381040424,-0.967414140701294,0.2530068457126617,-0.0548151289527719,0.043240118202074,2.988794271897897,0.2195186764001846,0.0179413128644227,0.1059760302305221,0.1053264071792364,-0.2329211311787367,-9.82036126613617,15004.0
44.0,3.5,205.0,21.849536895751957,19.40232849121093,-79.78281322067,40.45892857509703,339.7089561157227,0.0131651610136032,-0.001072802580893,-0.9674406647682192,0.2527532279491425,-0.092056679503244,0.0413393583449925,2.921729568605015,0.0243348367512226,0.0878339409828186,-0.0794449895620346,0.0929814365878701,0.0309862595424056,-9.216216419935227,15004.0
44.2,3.5,205.0,21.85204124450684,20.53943252563477,-79.78281327653654,40.45892846617621,340.27678906250014,0.0144625222310423,-0.0015574139542877,-0.9673530459403992,0.2530149817466736,-0.1121911983047634,0.0628448432009409,2.6566088095928,-0.0330485068261623,-0.0528387986123561,-0.0444702878594398,0.0677164994040504,-0.1538656792044639,-8.352397896051407,15005.0
44.3,3.5,205.0,21.924659729003903,19.203533172607425,-79.78281322230173,40.458928457338594,340.53507458496085,0.0144956018775701,-0.000841460598167,-0.9673557877540588,0.2530058324337005,-0.1016138073034763,0.0552002332244214,2.5076545106814407,0.0079957023262977,-0.0317944511771202,0.0566230006515979,0.0516149028902873,-0.3060145793482661,-8.330611755251885,15005.0
44.4,3.400000095367432,205.0,21.87708282470703,19.839675903320312,-79.78281321646068,40.458928461461504,340.78709637451175,0.0142166651785373,-0.0005588586209341,-0.9673413038253784,0.2530779838562012,-0.1061771280936316,0.0518486888670715,2.3796378600149,-0.0538249313831329,-0.0506511181592941,0.0629439800977706,0.0699754889449104,-0.175076380893588,-8.355954757332801,15005.0
44.6,3.299999952316284,206.0,21.978498458862305,17.223543167114258,-79.78281315875581,40.45892845360322,341.2473319702149,0.0133947497233748,-0.0003907709033228,-0.9673672318458556,0.253024011850357,-0.0895068882933642,0.0458749154830485,2.1512596165307087,-0.0331403240561485,-0.0073124729096889,0.0337644033133983,0.0705763954203575,-0.2489408209919929,-8.589069796800612,15006.0
44.8,3.299999952316284,204.0,21.898366928100582,19.092208862304688,-79.7828131111308,40.45892844374948,341.45550762939456,0.0136253722012043,0.0001816366857383,-0.9673656225204468,0.2530180215835571,-0.0730954854125083,0.0448349750099749,2.00791451584922,0.058821190148592,-0.0215477086603641,0.0670201927423477,0.0915357307903468,-0.3624257750809193,-8.440303182005882,15006.0
44.9,3.2000000476837163,204.0,21.765649795532227,22.757976531982425,-79.78281306327531,40.45892841159436,341.8586143188477,0.0142391398549079,0.0017335127340629,-0.9673396348953248,0.2530779540538788,-0.0743005635613818,0.038859547655972,1.8155376456557288,0.04525763168931,-0.043666910380125,0.0526211224496364,0.0805687936116009,-0.0631338126584887,-8.627413498163222,15006.0
45.0,3.2000000476837163,204.0,21.801958084106445,21.430030822753903,-79.78281301730873,40.458928396557056,342.03644787597665,0.0127989165484905,0.0005238344310782,-0.9673428535461426,0.2531476020812988,-0.0815440262631508,0.0435422501061854,1.7422018058429003,-0.115303061902523,-0.0245022010058164,-0.0751327574253082,0.0281497523887082,-0.2325051931478083,-8.934723272323609,15007.0
45.2,3.0999999046325684,205.0,21.869569778442383,19.871482849121094,-79.78281292445925,40.45892836137347,342.40570294189456,0.0107432352378964,0.0001574047200847,-0.9671425223350524,0.2540079355239868,-0.0611223224534137,0.0504113787299749,1.6349792154084457,0.043418925255537,-0.0748134776949882,0.1068935394287109,0.0522176229162141,-0.3135119158029556,-9.045461350679398,15007.0
45.4,3.0999999046325684,205.0,21.83701705932617,19.855579376220703,-79.78281281661363,40.458928332348,342.7760184936524,0.0128297116607427,0.0023142667487263,-0.9668930172920228,0.2548488676548004,-0.0686750281043965,0.0515564611902955,1.5593656305642556,0.0193914212286472,-0.033850722014904,-0.0250419080257415,0.0471763682831078,-0.1644960268959403,-9.034518871307371,15007.0
45.5,3.0,205.0,21.905879974365234,19.632930755615234,-79.78281275196723,40.45892830818615,342.9290565185546,0.0133383171632885,0.0040436973795294,-0.9667835831642152,0.255215972661972,-0.0666014797936273,0.0572313516508574,1.4907376480827297,0.0642064064741134,-0.0266202986240386,0.0387867279350757,0.1427607751451432,-0.3603039667010308,-9.090626413822177,15007.0
45.61,2.900000095367432,205.0,21.80696678161621,21.51749992370605,-79.78281268176934,40.45892829038503,343.14663922119144,0.0141494618728756,0.0057331933639943,-0.9667463898658752,0.2552811801433563,-0.0787869667557111,0.0569013502986914,1.4717013609579173,0.0091281086206436,-0.0017251604003831,-0.0219361614435911,0.0614535467186942,-0.1191799776814878,-8.990909752249719,15008.0
45.81,2.900000095367432,205.0,21.809471130371094,21.239187240600582,-79.78281254562785,40.45892821200393,343.42678295898435,0.0182027984410524,0.0056517282500863,-0.9668124318122864,0.2547754049301147,-0.0768228772476591,0.0702268006897292,1.3284054885759264,-0.0636673867702484,-0.0088028572499752,0.0288925934582948,0.0425942845316603,-0.3145918599888682,-9.055835480690003,15008.0
45.9,2.799999952316284,206.0,21.769405364990234,20.444011688232425,-79.78281241054887,40.4589282609049,343.6203025512696,0.0191248226910829,0.0038721931632608,-0.9667892456054688,0.2548293471336365,-0.0810834328254271,0.0693675796598604,1.3257022432863028,-0.0056579690426588,0.0350235439836978,-0.0540981404483318,0.110247551780194,-0.2909491734020412,-9.245473548173903,15008.0
46.1,2.799999952316284,206.0,21.882089614868164,19.17172622680664,-79.78281221181575,40.45892824760243,343.90466534423825,0.0154769606888294,-0.0076472274959087,-0.9633111357688904,0.2678315937519073,-0.1039431737955121,0.0562964461574463,0.9808527035749736,-0.1110618859529495,0.0603691078722477,-0.6621930003166199,-0.0481882746331393,-0.3307217698171735,-7.572991531491281,15008.0
46.21,2.799999952316284,208.0,21.87332534790039,19.8635311126709,-79.78281211537113,40.45892824419583,343.9931510620117,0.0152572384104132,-0.010395455174148,-0.9521251320838928,0.3051508665084839,-0.0861586994308226,0.056264558551337,0.7878495620070475,0.1431823521852493,-0.1435184478759765,-0.8185958862304688,0.0273157704155892,-0.4751420395821333,-7.812710416316986,15008.0
46.41,2.799999952316284,204.0,21.90337562561035,19.306907653808597,-79.78281195695608,40.45892821960055,344.0952247314453,0.020334854722023,0.0014553772052749,-0.9142281413078308,0.4046865999698639,-0.10872612500411,0.0340944216930682,0.5476050060443459,-0.0199539083987474,-0.0941510573029518,-1.322393536567688,-0.1211432442907244,-0.269812183175236,-8.595335673093796,15009.0
46.5,2.700000047683716,202.0,21.832008361816406,21.032442092895508,-79.78281187204877,40.45892825869475,344.1454566650392,0.020743753761053,0.0035094614140689,-0.885132908821106,0.4648624956607818,-0.1071670934646224,0.0239860407199187,0.4574738481930962,-0.0712093710899353,-0.0890132784843444,-1.4105546474456787,-0.1110834843479097,-0.2979399217106402,-8.837513312101365,15009.0
46.7,2.5999999046325684,206.0,21.8132266998291,20.730274200439453,-79.78281175022035,40.45892833438476,344.1593650512696,0.0209031645208597,0.0026539405807852,-0.8084720969200134,0.5881572365760803,-0.0760774916200106,0.0376606590678172,0.3302220921029563,-0.0357730872929096,-0.0480930991470813,-1.5287361145019531,0.0498251843824982,-0.2690611265972257,-9.197677822709084,15009.0
46.8,2.5999999046325684,210.0,21.83075523376465,20.841598510742188,-79.78281169070384,40.45892836381256,344.1902259521485,0.020967748016119,0.003513301257044,-0.7617365121841431,0.6475381255149841,-0.0519472932919448,0.0465690877926118,0.2831086009265771,0.0361239090561866,-0.0496531724929809,-1.6097676753997805,0.2180901437625289,-0.0715722493361681,-9.267161455750466,15009.0
47.01,2.5,194.0,21.845781326293945,20.809791564941406,-79.78281161571479,40.45892835659732,344.1567557983398,0.0243741497397422,0.0067951576784253,-0.6581770777702332,0.7524378299713135,0.0094075470743655,0.056404752953795,0.2161385262599612,0.0364869497716426,0.0121966795995831,-1.3931597471237185,0.2803037691302598,-0.0326411266392096,-9.55305638730526,15009.0
47.2,2.5,185.0,21.759389877319336,21.97075080871582,-79.7828114616173,40.45892835127794,344.1438850097656,0.027210097759962,0.0054663494229316,-0.5756281614303589,0.8172405362129211,0.0968416493043037,0.0674815859389355,0.1872245649612938,0.063672199845314,-0.0018833756912499,-0.8020011186599731,0.4002703800424934,0.0378336414322257,-9.6606439858675,15009.0
47.3,2.400000095367432,195.0,21.77942276000977,23.44978141784668,-79.78281135301975,40.458928263320615,344.1624396972656,0.026327796280384,0.0042813941836357,-0.5491116642951965,0.8353232145309448,0.1415355269991953,0.0616753448007832,0.1901998973843622,0.0134205967187881,0.0145508470013737,-0.4851152896881104,0.3958171406015754,-0.1900333209894597,-9.839944760799408,15009.0
47.41,2.400000095367432,200.0,21.68802261352539,23.72809410095215,-79.78281119994682,40.458928154074,344.17402874755857,0.0276213865727186,0.0023579318076372,-0.5308411717414856,0.8470178246498108,0.1668790022403712,0.069638236472073,0.2724575064416625,0.0229780059307813,-0.035164438188076,-0.3381522297859192,0.6152326288819313,0.1655545191094279,-10.176068444252016,15009.0
47.6,2.299999952316284,198.0,21.699291229248047,23.147613525390625,-79.78281103262546,40.45892785874553,344.1286872558593,0.0007539247744716,0.023109421133995,-0.5192437767982483,0.8543133735656738,0.2318954459437212,0.1569550122603505,0.3400687898064864,0.0672023817896843,-0.5449993014335632,0.1466212719678878,0.6386013916879892,-0.2485667088255286,-10.192569286823272,15009.0
47.7,2.299999952316284,196.0,21.706802368164062,22.821590423583984,-79.78281069619783,40.45892773496158,344.1645377807617,-0.0252675507217645,0.0372964926064014,-0.5214153528213501,0.8521130681037903,0.2473529166513647,0.229733725449817,0.3948034854597193,-0.065798744559288,-0.5689989328384399,0.0829391628503799,0.5390370500832796,-0.0593945502256974,-10.301079576015471,15009.0
47.91,2.200000047683716,203.0,21.723079681396484,22.018461227416992,-79.78281004459433,40.458927302106005,344.0524314575196,-0.0633243396878242,0.0512631721794605,-0.5333137512207031,0.8419848680496216,0.2973084956035361,0.4729331213852017,0.4455475988860382,-0.1001928821206092,-0.121468186378479,0.1312173008918762,0.3069261968135834,-0.0300238992087543,-10.213188908100127,15009.0
48.1,2.200000047683716,206.0,21.71932411193848,23.0203857421875,-79.78280853953272,40.458927146834434,344.02705609130857,-0.0793297737836837,0.0509497858583927,-0.5460525155067444,0.8324287533760071,0.2812408119446006,0.843817333327292,0.5252067369398934,-0.0088410284370183,-0.0339026600122451,0.1264513581991195,0.312379310131073,-0.1738296996988356,-10.103631967306136,15009.0
48.2,2.0999999046325684,195.0,21.70555114746093,23.322553634643555,-79.78280729641284,40.45892730785347,344.06359326171884,-0.0838436484336853,0.0513976924121379,-0.5505619049072266,0.8289813995361328,0.2521175581895289,1.0634249314250297,0.5787077724569197,-0.0095579689368605,-0.0650978237390518,0.154068574309349,0.2867944160476327,-0.2555771549418569,-10.10470200777054,15009.0
48.31,2.0,196.0,21.716819763183597,24.435800552368164,-79.78280581494168,40.45892756602681,344.1007407836914,-0.0883471816778183,0.0529575422406196,-0.553386390209198,0.8265311717987059,0.2171562657179192,1.2878442788169462,0.6370836770402503,-0.0177279654890298,-0.0891412496566772,0.1013773307204246,0.2660760499164462,-0.2399760161340237,-10.103246051073077,15009.0
48.5,1.8999999761581416,191.0,21.725584030151367,23.36231231689453,-79.78280258310909,40.45892826336705,344.0761893920898,-0.0958597511053085,0.0582275353372097,-0.5545171499252319,0.8245794177055359,0.1428638010115965,1.7000334240848722,0.7161356858019341,0.0010499483905732,-0.1312097907066345,-0.0130565408617258,0.1680444097146392,-0.1796614019572734,-10.05158707022667,15009.0
48.6,1.8999999761581416,187.0,21.70805549621582,23.441829681396484,-79.78280079262777,40.45892884596361,344.0104087524414,-0.0989357158541679,0.0621029920876026,-0.5526222586631775,0.8252052068710327,0.0913113414599702,1.898500756842892,0.736385617202432,-0.07150299847126,-0.1555389165878296,-0.0427985228598117,0.1252145783230662,-0.1581985939107835,-10.043639534711838,15009.0
48.8,1.8999999761581416,175.0,21.6917781829834,23.13966178894043,-79.78279578734508,40.45893026743849,344.0676444702148,-0.1076705753803253,0.0672798678278923,-0.5471705198287964,0.8273360133171082,0.0659296783460102,2.382786348163504,0.8719617477157906,-0.1176185235381126,-0.2338001430034637,-0.0172502994537353,0.0931477716006338,-0.2435493044368923,-9.993157013654711,15009.0
49.0,1.7999999523162842,168.0,21.67550277709961,23.1873722076416,-79.78279027355454,40.45893224666912,344.02607952880857,-0.1191177889704704,0.0745533183217048,-0.5400567650794983,0.8298141360282898,0.036089741809285,2.850408033737305,0.9959776366564996,-0.0648922026157379,-0.1423738002777099,0.0461666285991668,-0.0158182852109894,-0.0742701729107648,-9.961400785446168,15009.0
49.11,1.8999999761581416,153.0,21.7205753326416,22.956771850585927,-79.7827869897485,40.45893372108228,343.97692333984384,-0.1235266774892807,0.0796209052205085,-0.5364495515823364,0.8310376405715942,-0.0045887438291156,3.0963956574313203,1.0756927457173877,-0.0863328650593757,-0.1974679082632064,-0.0078478930518031,-0.0667177766980603,-0.1167757305130362,-9.987802133560182,15008.0
49.3,1.8999999761581416,145.0,21.672998428344727,24.23700714111328,-79.78278331042421,40.458934971450375,343.9929298095704,-0.1267869472503662,0.0850359424948692,-0.5346437096595764,0.8311738967895508,0.0124031351808376,3.364653073986654,1.177006961368677,0.006976306438446,-0.1250298172235489,0.0484390407800674,-0.1337862127460539,-0.2377390541508794,-9.98457447052002,15008.0
49.41,2.0,124.0,21.61289978027344,26.11362648010254,-79.78277519838531,40.45893827189556,343.97393261718764,-0.1297176331281662,0.09158855676651,-0.5310810804367065,0.8323087692260742,-0.030341600406464,3.893928967225072,1.3831464049673878,0.0053806155920028,-0.022523358464241,-0.0215567648410797,-0.2587881534174085,-0.2930331576056779,-10.086478575468064,15008.0
49.6,2.0999999046325684,115.0,21.62541961669922,25.23097801208496,-79.78276601400954,40.45894219515228,343.95227276611325,-0.1247472688555717,0.0888568386435508,-0.5296593308448792,0.83426833152771,-0.0546326462237388,4.433284338431459,1.5648838583968934,0.2441819161176681,0.0437997542321682,0.2334741950035095,-0.2462065533176065,-0.5063929587230087,-10.351670855283738,15008.0
49.7,2.400000095367432,101.0,21.72808837890625,22.765928268432607,-79.78276086478652,40.45894408168562,343.96574627685544,-0.120570071041584,0.0876842513680458,-0.5305728316307068,0.8344260454177856,-0.0445106014502253,4.701671017879943,1.6431662848225783,0.1406783163547516,0.1186240091919899,0.008086010813713,-0.2901077590696513,-0.1607991613447666,-10.38949649333954,15008.0
49.8,2.5,95.0,21.644201278686523,24.141586303710927,-79.78275542353958,40.45894606858183,343.98038708496085,-0.1156737357378006,0.0865082144737243,-0.5319783687591553,0.8343470692634583,-0.0729563564348823,4.970407828862398,1.6827207137972406,-0.1449815183877945,0.0250846296548843,0.0521546825766563,-0.3991758543625474,-0.0101076066121459,-10.172470067739487,15008.0
50.0,2.900000095367432,88.0,21.699291229248047,23.12375831604004,-79.78274415428334,40.45895117909768,343.95710217285165,-0.1103249788284301,0.0861962512135505,-0.5333842039108276,0.834206223487854,-0.1104414505897184,5.45126916929776,1.7126338328461883,0.2275709211826324,0.1214771196246147,0.1219304278492927,-0.312732883952558,-0.2136978798173368,-10.022244572639464,15008.0
50.1,3.0999999046325684,84.0,21.64795684814453,23.083999633789062,-79.78273831009457,40.45895417154397,343.9283775024414,-0.1091245859861374,0.0852337330579757,-0.5331017971038818,0.8346433043479919,-0.227447532838378,5.672143408621057,1.7279471944109082,-0.0553788430988788,0.0134945902973413,0.0539329908788204,-0.5053838023915888,-0.1035557606443762,-9.954637895822524,15008.0
50.31,3.5999999046325684,77.0,21.67424964904785,24.18929672241211,-79.78272535355903,40.45895910789129,343.94475781250014,-0.1041273698210716,0.082847960293293,-0.5363777875900269,0.8334222435951233,-0.1955806064174964,6.08668312374948,1.756929992290278,0.1408669650554657,0.1642153114080429,-0.0217793695628643,-0.4980835171043873,-0.1500269090384245,-9.817181550264356,15008.0
50.5,3.900000095367432,74.0,21.65546989440918,23.529298782348643,-79.78271207722794,40.45896539140541,343.91618572998044,-0.1001030281186103,0.079513281583786,-0.5358632206916809,0.8345703482627869,-0.2713913399033217,6.4758336195626285,1.7228989484674642,0.1393763870000839,-0.0384687148034572,0.1889411658048629,-0.7828131716698409,-0.3332302253320813,-9.866066612005236,15008.0
50.6,4.400000095367432,71.0,21.60163116455078,24.9924259185791,-79.78270540833367,40.45896929921392,343.892885559082,-0.0991474986076355,0.0797650590538978,-0.5338451266288757,0.8359525799751282,-0.3974301191941813,6.657522025148718,1.7398429055750124,-0.0847882479429245,0.0167300105094909,-0.061942920088768,-0.7270312459766866,-0.0016373482905328,-9.953591244220735,15008.0
50.7,4.599999904632568,72.0,21.723079681396484,23.537250518798828,-79.78269811352047,40.45897220996832,343.8943732910156,-0.0995191931724548,0.0795671343803405,-0.5338150858879089,0.8359464406967163,-0.3455794208836006,6.825896162843714,1.7784001759104793,0.0683467537164688,0.0520448051393032,-0.218969389796257,-0.6980559535324574,-0.0646539425477385,-10.00266692519188,15008.0
50.9,5.199999809265137,70.0,21.72808837890625,23.02833747863769,-79.78268358563258,40.45897968207062,343.8649314575196,-0.1039775013923645,0.0798480287194252,-0.5312427282333374,0.8370149731636047,-0.4477496283845212,7.151588686246343,1.8254677901681748,0.0806869566440582,-0.0729229822754859,0.083998754620552,-0.865033575296402,-0.1750966634228825,-9.615918633341789,15008.0
51.1,5.400000095367432,69.0,21.659225463867188,25.127605438232425,-79.78266784453977,40.45898706222661,343.83210980224607,-0.1078730151057243,0.0862981006503105,-0.5315600633621216,0.835679292678833,-0.5002802758128767,7.4706294432599005,1.981818161194312,0.1244932115077972,-0.0487556010484695,0.0553488656878471,-0.9029900448024272,-0.404284091591835,-9.661435698866844,15008.0
51.2,5.9000000953674325,64.0,21.809471130371094,21.00858688354492,-79.78265973455565,40.45899042675229,343.82511364746085,-0.1082739904522895,0.0877701267600059,-0.5329008102416992,0.8346195816993713,-0.5076860339146312,7.629385306318746,2.068230412492761,-0.1182074770331382,-0.0600134171545505,-0.0124614667147398,-1.0434167028218508,-0.1433512342907488,-9.82600499868393,15008.0
51.41,6.099999904632568,62.0,21.763145446777344,21.65267944335937,-79.78265143799555,40.45899384699028,343.81701885986325,-0.1102467477321624,0.0889874175190925,-0.5335553288459778,0.8338139057159424,-0.5068373448872795,7.785295731069829,2.1060831530980915,0.0347127355635166,0.0035679971333593,-0.0232401024550199,-1.016257482469082,-0.1692607036605477,-9.736895186305048,15008.0
51.51,6.5,61.0,21.75438117980957,22.14569091796875,-79.78263448935334,40.45900223705705,343.7947791748046,-0.118067979812622,0.0884401351213455,-0.5301751494407654,0.834956705570221,-0.5720958999440717,8.117444841758562,2.250447830339569,-0.1322638839483261,0.0562766641378402,-0.1362793445587158,-0.9586825811862946,0.1415756724402308,-9.647859048843385,15008.0
51.6,6.699999809265138,60.0,21.733097076416016,22.757976531982425,-79.78262553849551,40.45900676637919,343.7792762451172,-0.1208387538790702,0.0874607115983963,-0.5278328061103821,0.8361465930938721,-0.6026590157598891,8.280827388589088,2.345229583485076,0.0685160607099533,-0.0607896782457828,0.0635902881622314,-1.2877124226093293,-0.2957759220153093,-9.512017704248429,15008.0
51.8,7.0,60.0,21.70555114746093,23.07604789733887,-79.78260737055433,40.45901447161082,343.7456458740235,-0.1241294965147972,0.0879139751195907,-0.5250599384307861,0.8373619318008423,-0.5492783203549365,8.624215091314065,2.4856022982686583,-0.0504485890269279,-0.0255819912999868,-0.1503463387489318,-1.1602675335109234,-0.0747910593263805,-9.626985073685647,15008.0
52.0,7.199999809265138,60.0,21.67174530029297,22.98857879638672,-79.78258832439948,40.4590232185772,343.71251904296884,-0.1236543208360672,0.0912909358739852,-0.5213984847068787,0.8393564820289612,-0.5167950011426332,8.972630461410079,2.6450142141584503,0.134923443198204,0.0441169403493404,0.0115608321502804,-0.9756066159904004,-0.0663505669869482,-9.866661858558656,15008.0
52.1,7.5,60.0,21.66798973083496,24.12568283081055,-79.78257838176782,40.45902769637813,343.6843589477539,-0.122830644249916,0.0946146473288536,-0.5200619697570801,0.8399382829666138,-0.5252339610168988,9.14074353120856,2.696148851662873,-0.0305485688149929,-0.0911916270852088,0.0917092785239219,-1.3665818600356578,-0.4857227955758572,-9.684457941055296,15008.0
52.2,7.699999809265138,60.0,21.52525520324707,26.90085029602051,-79.78256847295685,40.45903192677599,343.66435467529294,-0.1245747581124305,0.0987792536616325,-0.5188720226287842,0.8399378657341003,-0.5012279993501769,9.313268145088248,2.748499073346938,-0.0887261033058166,0.026407852768898,-0.0067103658802807,-1.1600592264533045,-0.2650345511734486,-9.849865146875382,15008.0
52.4,8.0,57.0,21.629175186157227,24.658451080322266,-79.78254790131783,40.45904106293823,343.61076580810544,-0.1196101680397987,0.1019537821412086,-0.5161533951759338,0.8419528007507324,-0.4794961180172766,9.603124878908009,2.985062872347439,0.0593216642737388,0.1375338584184646,-0.2452780604362488,-1.3986908215284348,0.0707072542794048,-9.98454991221428,15008.0
52.6,8.100000381469728,56.0,21.64545249938965,25.79555511474609,-79.78252657393024,40.45905053598504,343.5417197875977,-0.1148299649357795,0.1030379980802536,-0.5149059295654297,0.8432492613792419,-0.4308124859326171,9.980072372061004,2.923230160648393,0.0577774345874786,0.0134767582640051,-0.1629059463739395,-1.3787931852042676,-0.2428936671093106,-9.580770435333251,15008.0
52.7,8.399999618530272,57.0,21.48268699645996,27.9266300201416,-79.78251575848182,40.459055105191226,343.5205177001953,-0.1190513521432876,0.1050885692238807,-0.5145467519760132,0.8426297903060913,-0.390194905286551,10.138594598166629,2.9445485710946167,0.0019844332709908,-0.1454780995845794,0.261955201625824,-1.4912941990792752,-0.5579296596720815,-9.695187581777573,15008.0
52.8,8.5,57.0,21.51398658752441,27.807353973388672,-79.78250475690717,40.45905971996692,343.50052105712894,-0.1228578388690948,0.1070026382803917,-0.5141096711158752,0.8421090841293335,-0.3702589312693541,10.25113380062982,3.1237940977559284,0.0087650474160909,-0.1206988245248794,0.0190230626612901,-1.9429163253307344,-0.323455690741539,-9.96754737854004,15008.0
53.0,8.899999618530273,57.0,21.56782531738281,25.652421951293945,-79.78248173540419,40.45906965258212,343.4417289428711,-0.1300955563783645,0.1060428172349929,-0.5129070281982422,0.8418768048286438,-0.3429925461844084,10.5623226485279,3.4072978895250614,-0.0652334317564964,-0.0321350917220115,0.0010059758787974,-1.5251446075737478,-0.3963084528967738,-9.871434355974197,15008.0
53.1,9.0,57.0,21.487693786621094,27.9345817565918,-79.7824699538173,40.459074813994384,343.385546081543,-0.1365053653717041,0.1044529303908348,-0.5117403268814087,0.8417706489562988,-0.3652122350084657,10.704564098662903,3.496893184990196,-0.1426238268613815,-0.0857831016182899,-0.0282639861106872,-1.6420395116508009,-0.3145715043693781,-9.74029826581478,15008.0
53.3,9.399999618530272,59.0,21.56532096862793,25.76374816894531,-79.78244628187312,40.45908473155429,343.34593426513675,-0.1496175676584243,0.1026486754417419,-0.5089983344078064,0.8414265513420105,-0.2934832876807195,10.978885824458915,3.847344618444215,0.0625476092100143,-0.0834010913968086,-0.0894494578242302,-1.6923844769597054,-0.2377181869000197,-9.675016441941262,15008.0
53.5,9.600000381469728,59.0,21.468914031982425,28.30831527709961,-79.78242165541633,40.45909536233796,343.2734321289064,-0.1439245045185089,0.0982161238789558,-0.5079301595687866,0.8435913920402527,-0.3255904356848342,11.235422255253406,4.125828414378532,-0.0879978239536285,0.3276732861995697,0.1267084926366806,-2.084713789969683,-0.3503020119667053,-10.009111726284027,15008.0
53.6,9.899999618530272,59.0,21.557809829711918,25.326400756835927,-79.78240882536547,40.45910094289349,343.2280677490235,-0.1285282969474792,0.0854323133826255,-0.5090150237083435,0.8468090295791626,-0.3208358565994823,11.426082144134233,4.033005793628822,0.0070515759289264,0.5118619203567505,-0.0466320067644119,-1.974872235953808,-0.3344821507483721,-10.383214244842527,15008.0
53.8,10.100000381469728,62.0,21.778169631958008,20.841598510742188,-79.78238371498495,40.459111718991146,343.2207969360352,-0.0913726165890693,0.0634669288992881,-0.5131698250770569,0.8510463833808899,-0.3213031668376616,11.852315867343853,3.233277119785116,0.1066255867481231,0.3584984242916107,-0.0254464671015739,-1.7677398839592935,-0.5687116695195437,-10.539450677633289,15008.0
53.9,10.399999618530272,63.0,21.7205753326416,21.787860870361328,-79.7823703215407,40.45911761377531,343.1488975219727,-0.0803242027759552,0.0601678751409053,-0.5155825018882751,0.8509422540664673,-0.3926515920207853,12.021093629020177,2.761877375785168,0.1273444443941116,0.1038610786199569,0.2002084106206894,-1.969282882511616,-0.5628395301103593,-10.083349145650864,15008.0
54.1,10.5,63.0,21.791942596435547,21.366416931152344,-79.78234438727547,40.45912886750256,343.1158622436524,-0.0672391057014465,0.0673979818820953,-0.5213043689727783,0.8480437994003296,-0.5311181518592686,12.101079134551725,2.42615776581222,0.264601469039917,0.1812888830900192,-0.0884395912289619,-2.0351256005465985,-0.1937502680718899,-10.032603499889373,15008.0
54.2,10.699999809265137,71.0,21.86205673217773,18.82980155944824,-79.78233173181496,40.45913434590887,343.12498699951175,-0.0526888370513916,0.0654932707548141,-0.5240572094917297,0.8475249409675598,-0.6352330230418572,12.060247657173472,2.3500909816217,0.0484584085643291,0.2798599898815155,-0.009664730168879,-2.346352278292179,-0.2104193277284503,-9.886772772073746,15008.0
54.3,10.899999618530272,70.0,21.74812126159668,21.135814666748047,-79.78231912919925,40.45913978563349,343.1372245483399,-0.0321811959147453,0.0549288466572761,-0.5265837907791138,0.8477362990379333,-0.6732862695839621,12.05182656822597,2.031509686606881,0.013383655808866,0.5914893746376038,0.0278232488781213,-2.2990943504869943,-0.4887279355153442,-9.848426731824878,15008.0
54.5,11.0,70.0,21.9309196472168,17.907394409179688,-79.78229341575798,40.45915082126951,343.1222633056641,0.0132574019953608,0.0190068427473306,-0.5294514894485474,0.8480236530303955,-0.684063567998642,11.954883939025846,0.8262247783126457,-0.0453935898840427,0.5116623044013977,-0.1574431508779525,-2.0722688685357573,-0.2310772848129272,-9.969475790262225,15008.0
54.6,11.100000381469728,80.0,21.811975479125977,21.73219871520996,-79.7822802572596,40.45915651675364,343.0844672851564,0.0340741388499736,0.0076602241024374,-0.5300107002258301,0.8472715020179749,-0.6875174610116229,11.837839629696363,0.1204878475263108,-0.030949717387557,0.3643909096717834,0.010146465152502,-1.7881808727979658,-0.3748799058794976,-10.038432004451751,15008.0
54.7,11.100000381469728,93.0,21.801958084106445,21.37436866760254,-79.78226818749974,40.45916168800808,343.1042503051758,0.0503250509500503,0.000586362904869,-0.5302390456199646,0.8463532328605652,-0.6771736855615872,11.596330490885586,-0.3896826454636102,-0.0261419769376516,0.2963266372680664,0.1661374419927597,-1.6468554246425628,-0.4762058673799038,-10.399142060279846,15008.0
54.9,11.0,92.0,21.9497013092041,16.436317443847653,-79.78224374143497,40.45917217978156,343.10149609375014,0.0595119260251522,-0.0107146194204688,-0.5293822288513184,0.8462258577346802,-0.6451198896273331,11.11251336308235,-0.9975099245795668,-0.2401847094297409,-0.0101919118314981,0.0301527641713619,-1.2531394444406032,-0.6512477497011423,-10.178090411424638,15008.0
55.0,11.0,92.0,21.98600959777832,16.34089469909668,-79.78223239958456,40.45917704711333,343.1251853637696,0.0514786727726459,-0.0158711336553096,-0.5280142426490784,0.8475252985954285,-0.6322261488552468,10.840846876961011,-1.0359978613159675,-0.1033775061368942,-0.2186174690723419,-0.129938319325447,-1.7181470167636872,-0.1383343780785799,-9.69994370698929,15008.0
55.2,10.699999809265137,97.0,21.89335823059082,17.621131896972656,-79.78220913643452,40.459186960052726,343.1115974121093,0.0495491027832031,-0.0169107653200626,-0.5225863456726074,0.85097736120224,-0.529095641190448,10.419374799205109,-0.915194799842854,-0.0058968723751604,0.1591200679540634,0.1160558760166168,-1.6230427850782871,-0.2233517607674002,-9.700717293620109,15008.0
55.4,10.600000381469728,96.0,21.87457847595215,19.712448120117188,-79.78218666109974,40.459196556874105,343.0969260864258,0.0539982467889785,-0.0237488932907581,-0.5169601440429688,0.8539745211601257,-0.4026385737191456,10.01974901729668,-1.0687393261258311,-0.1125950589776039,0.1116365790367126,-0.0706580579280853,-1.263294011503458,-0.2506225715763867,-9.641680880784987,15008.0
55.5,10.300000190734863,96.0,21.90462684631348,19.442087173461918,-79.78217644864459,40.4592010012322,343.1011680297852,0.0511709302663803,-0.0248972252011299,-0.5148776173591614,0.8553729057312012,-0.3551844674208797,9.782145933819288,-1.1313049580061627,0.0192991066724062,-0.1556501686573028,-0.0749195367097854,-1.2867626886069776,-0.3653489078208804,-9.652922152876856,15008.0
55.6,10.100000381469728,96.0,21.929668426513672,17.191734313964847,-79.78216462844726,40.45920585075184,343.0841239624024,0.0420037508010864,-0.0234128031879663,-0.5128009915351868,0.8571597337722778,-0.3084688197511845,9.672515757290324,-1.1024412082729145,-0.1022754088044166,-0.2485856115818024,0.2069923132658004,-0.936274881362915,-0.3900413340702653,-9.645763991475103,15008.0
55.8,9.800000190734863,97.0,21.83075523376465,18.54353713989257,-79.78214510486745,40.459214444116505,343.07367169189456,0.0123583693057298,-0.0144100356847047,-0.5111986398696899,0.8592529892921448,-0.299214910646069,9.357001735285156,-0.7484121586835415,-0.0441970191895961,-0.3656925857067108,0.2182443886995316,-1.0484431155771017,-0.6145428767055273,-9.427630687952044,15008.0
56.0,9.600000381469728,91.0,21.85454559326172,18.28907966613769,-79.7821241438632,40.45922330346074,343.0453742675781,-0.0130908396095037,0.0056863017380237,-0.5098635554313661,0.8601369261741638,-0.2808618509649515,9.220302990370543,-0.2089993727759182,0.0477478876709938,-0.2886476516723633,-0.0650253072381019,-1.135540389418602,-0.0057360820099711,-9.262804110646249,15008.0
56.1,9.199999809265137,91.0,21.872074127197266,18.88546371459961,-79.78211296302091,40.45922785501798,343.0273460083008,-0.0238671209663152,0.0183988232165575,-0.5088250637054443,0.8603423833847046,-0.2575444454850253,9.199609927096327,0.0613012980630638,0.0960361510515213,-0.5168687701225281,0.2049271613359452,-1.35944270208478,-0.5104778601229191,-9.070047723054888,15008.0
56.2,9.0,92.0,21.82449531555176,19.887386322021484,-79.78210362059409,40.45923203198803,343.0040458374024,-0.0353464409708976,0.0288888197392225,-0.5086460113525391,0.8597647547721863,-0.2575273018610249,9.156053479766516,0.2766041129634247,0.1212923973798751,-0.2126994729042052,-0.0519958958029747,-0.9311518433690072,-0.3069982272014022,-9.215781971812248,15008.0
56.4,8.699999809265138,81.0,21.756885528564453,22.034364700317383,-79.78208407542661,40.45924057524857,342.9392875366211,-0.0574102066457271,0.0431705713272094,-0.5070979595184326,0.8588899970054626,-0.2737606472986431,9.153959505638648,0.6902764997481485,-0.1763720214366912,-0.3489337861537933,0.0168373063206672,-1.0052221054583788,-0.2704208600521088,-9.20417934179306,15007.0
56.5,8.5,76.0,21.789438247680664,21.08015251159668,-79.78207473470883,40.45924478121271,342.9001105957032,-0.0714536160230636,0.0486748293042182,-0.5066496133804321,0.8578062057495117,-0.2645555588635028,9.18028224886308,0.9033097741291942,0.0983332693576812,-0.2358535081148148,-0.1288021504878997,-0.9596644748747348,-0.4109670205414295,-9.42136948943138,15007.0
56.7,8.199999809265138,77.0,21.66172981262207,23.855321884155277,-79.78205530053799,40.45925335140615,342.8172248535156,-0.0968324989080429,0.0631299391388893,-0.5050820708274841,0.8552954792976379,-0.2902555516601928,9.272443430730211,1.4737736632690268,0.0265447236597538,-0.2895988821983337,0.1091693341732025,-1.04402123183012,-0.5698273548111321,-9.692395536303518,15007.0
56.9,8.199999809265138,77.0,21.626672744750977,25.342304229736328,-79.78203571970586,40.45926202417821,342.7427543334961,-0.1214436516165733,0.0789807215332984,-0.502825915813446,0.8521618247032166,-0.3175970229638273,9.41965945010366,2.105566011648293,-0.0462551265954971,-0.3096724450588226,0.3072883784770965,-1.019702004119754,-0.1418051391094923,-9.85145325064659,15007.0
57.0,8.100000381469728,70.0,21.49145126342773,27.27458381652832,-79.78202585287842,40.4592665078192,342.7043708496093,-0.1331123858690261,0.0856394693255424,-0.5015888214111328,0.850503146648407,-0.3304229651571068,9.527125920016472,2.455713219813379,-0.0272580403834581,-0.189574584364891,-0.2979879081249237,-1.2515988492965702,-0.3392412726581097,-9.939409407377244,15007.0
57.1,8.100000381469728,66.0,21.577842712402344,25.708086013793945,-79.78201571737436,40.45927092653265,342.66790997314456,-0.1407123208045959,0.092113085091114,-0.5007773637771606,0.8490802645683289,-0.3263641185286558,9.601161705035556,2.8265198238726,-0.054977748543024,-0.0500244498252868,-0.1895973533391952,-1.2850143711268902,-0.1515423337463289,-10.134853760004042,15007.0
57.3,8.100000381469728,66.0,21.55530548095703,25.723989486694336,-79.78199499644306,40.45928030869809,342.6115745239258,-0.1391392201185226,0.1061577200889587,-0.4999726116657257,0.8481734991073608,-0.3282338679142703,9.884587740029126,3.333622758161085,0.1495643705129623,0.0247289352118968,-0.2194189876317978,-1.4754975074529648,-0.058625298757106,-10.116623311042789,15007.0
57.5,8.199999809265138,66.0,21.52901268005371,26.28061294555664,-79.78197355043571,40.45928979770196,342.5660041503906,-0.1321552693843841,0.1152615621685981,-0.4993213415145874,0.8484857678413391,-0.3437318480586409,10.23819459001252,3.5041493245483952,-0.0741161033511161,-0.044378574937582,0.0835547372698783,-1.6351785349845886,-0.2990210170671344,-10.562408015727998,15007.0
57.6,8.399999618530272,61.0,21.53902816772461,25.68422889709473,-79.78196254899595,40.45929461539336,342.527147644043,-0.1388735175132751,0.111006774008274,-0.4980423748493194,0.8487317562103271,-0.3117623332158036,10.389351808881573,3.635566438334622,-0.2507526278495789,-0.1949202120304108,0.3049000799655914,-1.5381008680164814,-0.6624317921698094,-10.406600768566133,15007.0
57.8,8.5,60.0,21.48644256591797,26.40784072875977,-79.78195120044437,40.45929961209925,342.5184806518555,-0.1461796313524246,0.1051248013973236,-0.4971409738063812,0.8487821817398071,-0.2342328432756067,10.544284446947568,3.8010432008015513,-0.1088317185640335,0.0293040033429861,-0.1724139004945755,-1.7213942679762844,0.0011255890130996,-10.08886307001114,15007.0
57.91,8.800000190734863,60.0,21.60538673400879,24.658451080322266,-79.7819282883639,40.45930964676918,342.4695609741211,-0.1265327036380767,0.0864254981279373,-0.4993303120136261,0.8527539968490601,-0.1623893389878963,10.817699176150578,3.90417860451156,0.0065787797793746,0.3426994681358337,-0.0836008638143539,-1.9188275510072712,-0.4153641998022795,-10.250201783180238,15007.0
58.0,9.0,59.0,21.497711181640625,26.79747772216797,-79.78191646974071,40.45931484272356,342.47178875732425,-0.1090946719050407,0.0740726292133331,-0.5008769035339355,0.8554145693778992,-0.1671911406651955,11.062095064998196,3.546658570512008,0.018533170223236,0.4411546587944031,0.0004695387906394,-1.7225932395458223,-0.2395499916560948,-10.120384240150452,15007.0
58.2,9.300000190734863,67.0,21.630428314208984,23.24303436279297,-79.78189314326679,40.459325034524994,342.4317649536133,-0.0659028217196464,0.0654831975698471,-0.5050655603408813,0.8580661416053772,-0.1622135380238407,11.370362431967688,2.669583669490688,0.2283486723899841,0.422819584608078,-0.2649279534816742,-1.5912266229093075,-0.2453157300129533,-10.211525959968569,15007.0
58.41,9.399999618530272,71.0,21.713064193725582,22.217256546020508,-79.78188118675226,40.45933026122548,342.4462150268555,-0.0508705638349056,0.0674678087234497,-0.5073387622833252,0.8575941920280457,-0.18032498154132,11.471844617047449,2.250862317958628,0.2983477115631103,0.2263783365488052,-0.0669587180018425,-1.5804411412775516,-0.1531027911510318,-10.056504578590394,15007.0
58.5,9.699999809265137,70.0,21.82574844360352,19.04449844360352,-79.78185722650016,40.45934092960872,342.3888572387696,-0.0374928377568721,0.0701665207743644,-0.5130095481872559,0.8546884059906006,-0.2767133256453458,11.4902584052501,1.7995614652117058,-0.0257600713521242,-0.0465117469429969,-0.1332899779081344,-1.4647329296171665,-0.3105359753966332,-9.84045346856117,15007.0
58.7,9.899999618530272,70.0,21.829504013061523,18.96498107910156,-79.78183278016554,40.45935154495064,342.3463233642578,-0.0749778524041175,0.054914079606533,-0.5159537792205809,0.8515600562095642,-0.3801731386713264,11.50263883969792,1.7573062983630603,-0.4343619346618652,-0.3622952401638031,-0.0293384995311498,-1.587590239495039,-0.1322374863177538,-9.23879953622818,15007.0
58.8,10.100000381469728,70.0,21.660476684570312,22.77388000488281,-79.78182081987319,40.45935669088677,342.3449119262696,-0.0952900052070617,0.0474664159119129,-0.5155180096626282,0.8502399325370789,-0.3880723047637517,11.447477432566506,2.0979464983657543,-0.1856555938720703,-0.1789193153381347,-0.2146948128938675,-1.719741552472115,0.1617094997316599,-9.15705195307732,15007.0
59.0,10.199999809265137,69.0,21.76189422607422,20.642805099487305,-79.78179662962238,40.459367066306,342.30846630859384,-0.1022692024707794,0.0452652052044868,-0.513130784034729,0.8509929180145264,-0.4064035511894185,11.440182753697602,2.4932032187275004,0.0144929084926843,-0.0864216163754463,0.035371758043766,-1.8355174456536767,-0.3305022068694234,-9.356831431388857,15007.0
59.1,10.300000190734863,69.0,21.66924095153809,22.980627059936523,-79.78178420699395,40.45937243430117,342.33023297119144,-0.1007159501314163,0.0479826889932155,-0.5113362669944763,0.8521087765693665,-0.4130802917560191,11.49987483084308,2.4900368253759693,-0.0340153723955154,0.0830338969826698,-0.3261230587959289,-1.403586987555027,0.0847899259999394,-9.317518846392632,15007.0
59.3,10.399999618530272,69.0,21.660476684570312,22.241111755371094,-79.78177218598623,40.4593777493237,342.3167365722656,-0.09857277572155,0.0525503754615783,-0.5093482732772827,0.8532797694206238,-0.396666563291838,11.523223886880563,2.4666102124665104,0.1996098160743713,-0.014740434475243,0.0331577435135841,-2.037891479730606,-0.3369672904908657,-9.29331429719925,15007.0
59.4,10.5,68.0,21.68802261352539,22.495569229125977,-79.78174773965162,40.45938854515728,342.3316367797852,-0.0919878110289573,0.0557076074182987,-0.5056301355361938,0.8560217618942261,-0.3712872087591503,11.619821878481824,2.4792025831694664,-0.024849509820342,-0.1613932251930236,-0.0367500782012939,-1.7425053477287291,-0.4665483501926065,-9.78660704433918,15007.0
59.6,10.5,67.0,21.783178329467773,19.545459747314453,-79.78172335781021,40.45939952989905,342.33990704345706,-0.0960021689534187,0.05179014056921,-0.5032821297645569,0.8572096824645996,-0.3287003142819035,11.67095983974058,2.5786998554001306,0.0863080546259879,0.0040528126992285,0.1491105407476425,-1.8940004195272924,-0.2543894209899009,-9.780056993365289,15007.0
59.7,10.5,66.0,21.610395431518555,23.78375625610352,-79.78171121249346,40.4594050275088,342.3344749145508,-0.0896227285265922,0.0544408299028873,-0.5028124451637268,0.8580115437507629,-0.3053679025287955,11.710489289109235,2.5370385622386182,0.1035182923078537,0.1367306113243103,-0.119417980313301,-1.819671345055104,0.1276111692935228,-9.506739422678947,15007.0
59.9,10.600000381469728,66.0,21.696786880493164,23.855321884155277,-79.78169904558902,40.45941054992154,342.328173034668,-0.0824248120188713,0.0586538277566433,-0.5031337738037109,0.8582671284675598,-0.3213904531507473,11.766027989728778,2.45194249669266,0.0953127369284629,0.1446657180786132,0.0108455428853631,-1.6267133747041227,-0.0269624432735145,-9.71707663357258,15007.0
60.0,10.600000381469728,66.0,21.71556663513184,21.088104248046875,-79.78167496147762,40.45942149251196,342.3222373657227,-0.0722569897770881,0.0613990612328052,-0.5045498609542847,0.8581600785255432,-0.3410118050833109,11.786039454011393,2.2742853533289047,0.1948239058256149,0.0235205050557851,0.0143174240365624,-1.596507974267006,-0.1658544081822038,-9.902042191028595,15007.0
60.2,10.600000381469728,66.0,21.7205753326416,20.762081146240234,-79.78165044885088,40.45943264847003,342.320604675293,-0.0625612661242485,0.0643988028168678,-0.5067199468612671,0.8574228286743164,-0.3803563664599265,11.81542068451492,2.137403892830724,-0.0348150096833705,0.2232596278190612,-0.2143107801675796,-1.4960329288244247,-0.0653548181382939,-9.679370863437653,15007.0
60.3,10.5,66.0,21.74436378479004,20.746177673339844,-79.7816382510041,40.45943813900301,342.31760632324216,-0.0591973550617694,0.0645898506045341,-0.5079925656318665,0.8568940162658691,-0.3796762597361088,11.826606241236393,2.0222315412278684,0.0990795195102691,0.0511623062193393,0.2359926849603653,-1.714165062904358,-0.3613892464712262,-9.51715565264225,15007.0
60.41,10.5,65.0,21.66548538208008,22.57508659362793,-79.78162579788307,40.45944379206094,342.3141654663086,-0.0582554303109645,0.064275287091732,-0.5088173747062683,0.856492817401886,-0.4032696520173425,11.844314255606651,1.959376969278365,0.0086910454556345,-0.0814642608165741,0.1184134855866432,-1.7572087562084198,-0.5538976755738259,-9.64971320092678,15007.0
60.6,10.5,66.0,21.70555114746093,23.29869842529297,-79.78160118046613,40.459454909818255,342.3132499389649,-0.0603304654359817,0.0637376084923744,-0.5098814368247986,0.8557562828063965,-0.4025927453609143,11.850644370670054,1.950793520192564,-0.0492766834795475,-0.1042440459132194,0.1265652924776077,-1.847124607264996,-0.3624532935395837,-9.530839306712153,15007.0
60.7,10.399999618530272,66.0,21.684267044067383,21.6685848236084,-79.78158892604166,40.459460334942776,342.3106330566406,-0.0591114796698093,0.0640412345528602,-0.5098299980163574,0.8558493852615356,-0.3816797077108734,11.842032902618032,1.9904635625150875,-0.0095185860991477,0.0743730366230011,-0.1306976377964019,-1.8013781847059729,-0.0386121981963515,-9.776246362924576,15007.0
60.9,10.399999618530272,66.0,21.821990966796875,17.477998733520508,-79.78156427876176,40.459471306836456,342.32168804931644,-0.0204796344041824,0.0343461260199546,-0.5090211033821106,0.8598246574401855,-0.2918757989964196,11.746365296420253,1.7199957749242876,0.0105396071448922,0.8231889605522156,-0.0577545054256916,-1.7818908767402173,-0.0970858896151185,-10.11772141814232,15007.0
61.1,10.300000190734863,66.0,21.86581420898437,18.9013671875,-79.78153998354088,40.459481946122544,342.333170288086,0.0435748249292373,-0.0111677814275026,-0.5080991387367249,0.8601231575012207,-0.1896189108361596,11.570090244237162,0.0058249505962197,0.0105477515608072,0.714412271976471,-0.1082265526056289,-1.7764453648030758,-0.2709290379099548,-9.985387233495713,15007.0
61.21,10.199999809265137,84.0,21.793193817138672,21.764005661010746,-79.78152826521037,40.459487063064586,342.34934460449216,0.0711239576339721,-0.0263616908341646,-0.5068208575248718,0.8587077856063843,-0.1660271756192595,11.293316647547789,-0.8025987165442727,0.1067361161112785,0.4323319792747497,-0.2793008089065552,-1.6347414556145667,-0.1652628892287612,-10.172623264789582,15007.0
61.3,10.100000381469728,84.0,21.743112564086918,20.30883026123047,-79.78151683039805,40.45949205142264,342.3700660400392,0.0914271399378776,-0.0364301465451717,-0.505090594291687,0.8574366569519043,-0.1441297588925175,10.915544068707495,-1.4158686510382412,0.0891008451581001,0.2780088484287262,0.2355591952800751,-1.1955283635109664,-0.368049188554287,-10.607976536750794,15007.0
61.5,10.0,84.0,21.765649795532227,18.88546371459961,-79.78149459284253,40.45950176846298,342.420084350586,0.0942262187600135,-0.0471652224659919,-0.5034202337265015,0.8575925827026367,-0.1035517310169101,10.232631010788385,-1.8778985985817027,-0.1293428093194961,-0.1785189509391784,0.100239984691143,-0.9413224171847104,-0.3632574684172869,-10.81403241634369,15007.0
61.6,9.699999809265137,104.0,21.848285675048828,19.17967796325684,-79.78148391566769,40.4595063730272,342.45342480468764,0.0881775692105293,-0.0470974557101726,-0.5031179189682007,0.8584165573120117,-0.0814350015086923,9.962299476143428,-1.7619984006304623,-0.0276648811995983,-0.176449567079544,-0.1779845803976059,-1.2684128102660182,0.0043277481431141,-10.429920634031298,15007.0
61.7,9.600000381469728,101.0,21.888351440429688,17.581371307373047,-79.78147373141145,40.45951081407022,342.4886039428711,0.085833229124546,-0.0439447462558746,-0.5022740960121155,0.8593150973320007,-0.073730114875753,9.658697206865943,-1.6170080348506743,0.1172198578715324,0.024790696799755,-0.0427703559398651,-1.2232664582133297,-0.1155052401870489,-10.089609174728396,15007.0
61.9,9.199999809265137,102.0,22.05362129211425,15.076562881469728,-79.7814638682719,40.45951512683843,342.5206779174805,0.0882854387164115,-0.0430013090372085,-0.5015949606895447,0.8595109581947327,-0.0718899238426665,9.374648886955413,-1.5266660340054772,-0.0222549065947532,0.0035307859070599,0.0505154840648174,-1.109234277829528,-0.2698760822787881,-9.904912004470823,15007.0
62.1,9.0,102.0,21.85454559326172,17.85173225402832,-79.78143524939922,40.459527261072296,342.58148419189456,0.118573784828186,-0.0604888387024402,-0.499190479516983,0.8562068939208984,-0.0190788651533037,8.429788315179339,-1.9800221352097769,-0.0800171121954917,0.4040206670761109,-0.0523713119328022,-0.6454634647071362,-0.1578038520365953,-9.70134937763214,15007.0
62.2,8.5,108.0,21.905879974365234,17.39052963256836,-79.7814265595499,40.45953104672515,342.58445965576175,0.1290418356657028,-0.0689511820673942,-0.4985959529876709,0.8543981313705444,-0.0110546472690834,8.018361046358747,-2.2035163186267344,-0.0365653745830059,0.1048755869269371,-0.0915721729397773,-0.8533639215677977,-0.1550668617524206,-9.57457706451416,15007.0
62.3,8.300000190734862,113.0,21.77316093444824,20.213409423828125,-79.78141821600288,40.45953469558361,342.57932507324216,0.1351575404405594,-0.0755895525217056,-0.4980595707893372,0.8532030582427979,-0.0545735654503062,7.61010088458855,-2.4016618946605166,-0.1582751125097274,0.1139252111315727,0.0978353098034858,-0.7000013952702284,-0.052517612488009,-9.565738998055457,15007.0
62.51,7.699999809265138,114.0,21.83075523376465,19.163774490356445,-79.78140243550129,40.4595413973414,342.5659202270508,0.1445742398500442,-0.0819816067814827,-0.4962879419326782,0.8521007299423218,-0.062071917816068,6.839059559696352,-2.5235600238045475,-0.0036252660211175,0.0928754433989524,-0.037099614739418,-0.4969735328480602,-0.3224287369474769,-9.740114078521731,15007.0
62.6,7.400000095367432,115.0,21.776918411254886,19.15582275390625,-79.78139435244556,40.459544430109744,342.58531414794925,0.1442839801311493,-0.0799170657992363,-0.4941563606262207,0.8535836338996887,-0.0158080628641147,6.538399233330449,-2.542103544972944,-0.0141703160479664,-0.1088449582457542,0.1300957947969436,-0.4418440833315253,-0.5632229612767696,-9.593867028951646,15007.0
62.8,6.800000190734862,120.0,21.69303131103516,22.6227970123291,-79.78138073161114,40.45955042192448,342.5146278076172,0.1385786980390548,-0.0812363848090171,-0.4928313195705414,0.8551689982414246,-0.0104283810053783,5.860881102623701,-2.4481582724953905,-0.0246305987238884,-0.0147541100159287,-0.1228104159235954,-0.302667139749974,-0.2015177641622722,-9.51476940393448,15007.0
63.0,6.4000000953674325,121.0,21.759389877319336,20.69051551818848,-79.78136846405418,40.45955549534103,342.46116101074216,0.1374033838510513,-0.0847498103976249,-0.487924337387085,0.8578273057937622,-0.0166160758757269,5.202218909104318,-2.299233566922509,-0.064635656774044,0.0321667082607746,-0.0251929480582475,-0.2594795866683125,-0.2495856957882643,-9.768311106562615,15007.0
63.12,5.800000190734862,124.0,21.596622467041016,24.181344985961918,-79.7813629108043,40.45955753873749,342.45376812744144,0.1379239410161972,-0.0843293070793151,-0.4843258857727051,0.8598220944404602,0.0054440921707811,4.882745747709452,-2.224838880643363,-0.0919898003339767,-0.0246279574930667,-0.1725947707891464,-0.2246611533500254,-0.0474100193660706,-9.744315302968026,15007.0
63.2,5.400000095367432,125.0,21.542783737182614,25.294591903686523,-79.78135766715769,40.45955989838943,342.3961356811524,0.1394869983196258,-0.0830691382288932,-0.481557846069336,0.8612462282180786,0.0354541737695644,4.548202817678418,-2.1495110552272987,0.0239495430141687,-0.0308112353086471,-0.1465412974357605,-0.1376290394179523,-0.4033841685578227,-10.018480135202408,15007.0
63.4,4.699999809265137,127.0,21.41257095336914,28.08566474914551,-79.78134819529477,40.4595636873402,342.3357947998046,0.1399264335632324,-0.0803320705890655,-0.4761383235454559,0.8644419312477112,0.073256881112649,3.9176592453057872,-1.834400159010504,-0.0417037010192871,-0.0402850806713104,-0.045293241739273,-0.0952119483612478,-0.1598593127913773,-10.877031487226487,15007.0
63.5,4.400000095367432,128.0,21.408815383911133,27.97434043884277,-79.78134402797372,40.45956558920152,342.29303967285165,0.1377042382955551,-0.081091858446598,-0.4749061167240143,0.8654050827026367,0.0889721241881514,3.6110793066510354,-1.6132691809963378,0.0702653750777244,-0.0946924835443496,0.0014796929899603,0.0204881091741845,-0.2416448480263353,-11.285109837055204,15007.0
63.7,3.700000047683716,136.0,21.45388984680176,28.276508331298828,-79.78133641543938,40.45956815091892,342.2633994750977,0.1300223767757415,-0.0831635221838951,-0.4727301001548767,0.8675853610038757,0.1398718747702108,3.0534184777386857,-1.1343379790175512,0.0513945259153842,-0.0075243622995913,0.020961245521903,0.0957127441093325,-0.1707844880595803,-11.459681968688963,15007.0
63.9,3.400000095367432,140.0,21.302391052246094,30.240596771240234,-79.781330745706,40.45957017645171,342.1997626953125,0.1297173053026199,-0.0877034813165664,-0.4730823338031769,0.8669917583465576,0.1060079665856643,2.471589948824088,-0.7504910138123243,0.0594668053090572,0.088306613266468,0.2148492634296416,0.1020388558600098,-0.1204673152975738,-11.411070556640626,15007.0
64.0,2.900000095367432,150.0,21.33995246887207,29.23867225646973,-79.7813282936158,40.45957129519772,342.2091087036133,0.1321903616189956,-0.091860681772232,-0.4745997786521912,0.8653568625450134,0.0375552838565694,2.192227777757271,-0.5543616020438848,-0.1600734144449234,0.0323916859924793,-0.0010511091677471,0.147904123077169,-0.0089871236344333,-11.388162335157396,15007.0
64.1,2.700000047683716,159.0,21.38252258300781,27.71193122863769,-79.78132672787963,40.45957164834852,342.1749519042968,0.1354062855243683,-0.0960631966590881,-0.4756807386875153,0.8638084530830383,0.0305241137447477,1.869903711250422,-0.3961241944077405,-0.0338675864040851,0.0731497183442115,0.1143708005547523,0.2623837890475988,-0.2490559380501509,-11.391481214761734,15007.0
64.3,2.400000095367432,177.0,21.44512367248535,27.89482307434082,-79.78132364947696,40.45957316428609,342.2319282226564,0.1575411260128021,-0.1016472950577736,-0.4770765006542206,0.8586307764053345,-0.0540248731372031,1.2558359948356954,-0.1061605196874051,0.1175731122493744,0.088266372680664,-0.0331046283245086,0.3710000955685973,0.3427146283909679,-10.814071007966994,15007.0
64.4,2.299999952316284,188.0,21.441368103027344,27.07579040527344,-79.78132307002772,40.45957310870263,342.223795288086,0.1622660756111145,-0.0904942154884338,-0.4773261249065399,0.8588598966598511,-0.0323344982609187,0.9311845726377692,-0.0164728421661083,0.2074728459119796,-0.0972650349140167,0.0428291969001293,0.5612025655433536,-0.2134984897635877,-10.758012582063676,15007.0
64.6,2.200000047683716,220.0,21.226015090942383,31.369747161865234,-79.78132248850969,40.45957304542405,342.2494605712892,0.1518806964159011,-0.0958143770694732,-0.4804498553276062,0.8584403395652771,-0.0419280988478545,0.2992702468905298,0.2690507839507523,-0.1513477712869644,0.0643048584461212,0.0761111304163932,0.5537715949863196,-0.2332018888927997,-10.640081259012224,15007.0
64.8,2.299999952316284,229.0,21.81072425842285,17.27125358581543,-79.78132236051276,40.45957321519752,342.31297528076175,0.0370899140834808,-0.0421846508979797,-0.5178540349006653,0.8536229133605957,-0.0575247948176721,0.058659308721501,0.273617880470144,-0.2655192017555237,-1.6445395946502686,0.6246879696846008,0.5095918607711792,0.1448306803498417,-9.562318376898766,15007.0
64.9,2.5,247.0,21.811975479125977,18.63895797729492,-79.78132317886559,40.45957234324485,342.270670288086,-0.0078086024150252,-0.0174616239964962,-0.5558879971504211,0.8310371637344359,0.0058291676959785,-0.1234820739134543,0.2348988637730591,0.102495364844799,-0.4737026989459992,1.128365397453308,-0.2577621680684388,0.2044795616157353,-9.594260546565057,15007.0
65.1,2.5999999046325684,253.0,21.736852645874023,21.366416931152344,-79.7813243222029,40.45957091552626,342.2980216674805,0.0186001472175121,-0.0110047254711389,-0.6485529541969299,0.7608627080917358,0.0726719172113414,-0.1631022072325789,0.0263566279866364,0.0006494536064565,0.3607615232467651,1.334582805633545,0.4937825245410204,-0.1604349528998136,-8.744467738866808,15007.0
65.2,3.0,237.0,21.672998428344727,22.360387802124023,-79.78132448051254,40.45957081933732,342.29532849121085,0.0313221961259841,-0.0201350562274456,-0.6990851759910583,0.7140682339668274,0.0684675336538608,-0.1367758353324122,-0.0646495406740054,-0.1119744554162025,0.2686925828456879,1.4610545635223389,0.8678107103705407,-0.4985780453681946,-8.925974083542824,15007.0
65.3,3.2000000476837163,257.0,21.589111328125,24.94471549987793,-79.78132463324535,40.459570750356114,342.28660809326175,0.0358729995787143,-0.029965179041028,-0.7491745948791504,0.6607213616371155,0.0642740179625924,-0.1420085708627106,-0.0886615179789267,-0.1454222947359085,0.1462045907974243,1.3771498203277588,0.6802864844352007,-0.2444110926613212,-9.332966020703315,15007.0
65.5,3.5,258.0,21.47892951965332,25.87507247924805,-79.7813263081792,40.45957008926332,342.32327496337894,0.0403566099703311,-0.037462119013071,-0.840927004814148,0.5383399128913879,0.0814681121434094,-0.2188333174670013,0.0611870658011461,-0.1376510113477707,-0.0545891486108303,1.5771803855895996,0.4970048885419965,-0.4777953233197332,-10.485482046604156,15007.0
65.7,3.700000047683716,256.0,21.597875595092773,23.93483924865723,-79.78132852019645,40.45956912105301,342.39451824951175,0.0466910861432552,-0.0333257280290126,-0.9149181246757508,0.3995424211025238,0.1938131962823588,-0.3080814919001553,0.2499620571869166,0.1169344559311866,0.0750357434153556,1.6048831939697266,0.3889085091277957,-0.6076039858907462,-10.502518494129182,15007.0
65.8,4.0,277.0,21.58660697937012,24.47555923461914,-79.78132899728409,40.45956916255168,342.4175666503906,0.0478709824383258,-0.030343659222126,-0.943703293800354,0.3259014189243317,0.21057965743902,-0.3409206315273029,0.298622116847565,-0.1421750783920288,-0.0635721832513809,1.6947901248931885,0.0588481690362095,-0.8176110483705998,-10.221950376033783,15007.0
65.9,4.099999904632568,288.0,21.622915267944336,22.686410903930664,-79.78133084896706,40.45956845260864,342.4438575439453,0.0469974279403686,-0.0275534763932228,-0.9663788676261902,0.2512845098972321,0.3191020756720871,-0.3541521611362804,0.3255255429178989,-0.172022596001625,0.100780189037323,1.356826901435852,0.2235857773013413,-0.5336759573221207,-10.139972412586213,15007.0
66.1,4.199999809265137,276.0,21.560312271118164,25.00832939147949,-79.78133314274763,40.459568213785246,342.50316082763675,0.0394753664731979,-0.023175686597824,-0.9937846660614014,0.1014729216694831,0.4654481957705348,-0.3448083705849992,0.3506825519582082,-0.184685543179512,-0.0646108910441398,1.5361971855163574,-0.097597776800394,-0.7357606273144484,-10.02739947795868,15007.0
66.2,4.300000190734863,269.0,21.666736602783203,22.46376037597656,-79.78133385487111,40.45956839338373,342.53375469970706,0.0360196158289909,-0.0204662978649139,-0.998782515525818,0.0267821494489908,0.5246031760364692,-0.327859890330298,0.38079196632212,-0.1103958860039711,-0.0052017993293702,1.4349074363708496,-0.0443148688506335,-0.5466673010587693,-10.112177088260651,15007.0
66.4,4.300000190734863,280.0,21.662981033325195,21.636775970458984,-79.78133597316186,40.45956862313786,342.61534344482425,-0.0281642917543649,0.0149498106911778,0.9940014481544496,0.1046154499053955,0.6088018548154142,-0.2606318540953604,0.3774220370465032,-0.1122529804706573,-0.033082440495491,0.99057799577713,-0.233740563634783,-0.6068374890089036,-9.875528576374055,15007.0
66.6,4.300000190734863,286.0,21.637939453125,21.581113815307614,-79.78133827287905,40.45956906237776,342.7101768188477,-0.0212923027575016,0.0093738930299878,0.9823791980743408,0.1854452043771744,0.6597355690776069,-0.1905205635323744,0.3495541895763328,-0.0570738576352596,-0.1438979059457779,0.6058595180511475,-0.3165004277229309,-0.9096771398931742,-9.724381560087204,15007.0
66.7,4.300000190734863,272.0,21.314910888671875,28.30831527709961,-79.78133895513956,40.459569424735214,342.7403587036133,-0.0215629674494266,0.0034203331451863,0.9779289960861206,0.207793578505516,0.6929722315508534,-0.1463386445345073,0.3234829423921109,0.2299449294805527,-0.3886715173721313,0.4146730899810791,-0.0493392807617783,-0.1984767369367182,-9.515820148587228,15007.0
66.8,4.300000190734863,266.0,21.48894691467285,26.05796241760254,-79.78133971799409,40.45956976112165,342.7687476806641,-0.0581696555018425,-0.0303248725831508,0.9732487797737122,0.2201898545026779,0.7625548242302317,-0.0413524678921682,0.3113483930352972,0.7154858708381653,-1.1117610931396484,0.2125510424375534,0.396938490383327,-0.2079761417582631,-9.722500510811804,15007.0
67.01,4.199999809265137,274.0,21.467660903930664,26.98832130432129,-79.78134230770574,40.45957018875016,342.8759711914064,-0.0935720056295394,-0.1213841810822486,0.9629963040351868,0.2216941714286804,0.7830741397316877,0.1812916238629348,0.5052950476787772,-0.5026515126228333,-0.4229004979133606,0.0214658752083778,-0.6740079635381699,-1.0079385756701231,-10.227740288972855,15007.0
67.1,4.199999809265137,308.0,21.542783737182614,25.5570011138916,-79.78134395331632,40.45957027999224,342.94192730712894,-0.0664605721831321,-0.1382731795310974,0.964426040649414,0.215281069278717,0.8317806091539458,0.3429948536163929,0.5951833278825767,-0.6063299775123596,0.0494753792881965,-0.0962326377630233,-0.7302160050719977,-0.7383415152132512,-10.308091557025907,15007.0
67.3,4.199999809265137,301.0,21.590362548828125,22.93291664123535,-79.78134656443575,40.45956978242063,343.0149863891602,-0.0101325018331408,-0.1309634894132614,0.9709004759788512,0.200245663523674,0.8470663576968034,0.8139617269034289,0.6125322078632547,-0.4866702556610107,0.167986050248146,-0.0688963830471038,-0.3744094608351589,-0.4263148652762175,-10.018725718259812,15008.0
67.5,4.300000190734863,298.0,21.55906105041504,25.087846755981445,-79.78134975311545,40.459568723243066,343.125048034668,0.0003817026736214,-0.1197346299886703,0.97427099943161,0.190944105386734,0.7511572368472128,1.2078606767799276,0.5472707407985048,-0.00756949884817,0.0258029904216528,-0.1999794244766236,-0.198886827751994,-0.1698192223906517,-9.614841576218604,15008.0
67.6,4.400000095367432,225.0,21.54403686523437,24.70616149902344,-79.78135177030394,40.45956801646053,343.2061103515625,-0.0055730557069182,-0.1199502721428871,0.9746395349502563,0.1888353377580642,0.7069222760052334,1.3499356774805782,0.5692469732616829,0.1460374295711517,-0.0972733497619628,-0.1213185712695121,-0.255780144687742,-0.2788027705997229,-9.708006432652471,15008.0
67.8,4.5,226.0,21.534019470214844,23.72809410095215,-79.78135457292404,40.45956569274203,343.259439819336,-0.0173285622149705,-0.1252328902482986,0.9737594723701476,0.1892326772212982,0.547328470280362,1.7194945173950489,0.7020203358146109,-0.0077263265848159,-0.1643625497817993,0.048499446362257,-0.568256719596684,-0.3371013744547963,-10.102649635076524,15008.0
67.9,4.599999904632568,222.0,21.672998428344727,21.74810218811035,-79.78135682676742,40.45956441336053,343.3297370605468,-0.0208351779729127,-0.12806436419487,0.9729230999946594,0.1912752091884613,0.5367365970271649,1.8969273421952928,0.759834404974195,-0.0072000902146101,-0.1234831064939498,-0.022994726896286,-0.4293533708900213,-0.3453135330229998,-9.874815216064452,15008.0
68.0,4.699999809265137,220.0,21.562816619873047,24.077970504760746,-79.78135832702098,40.45956281476917,343.3540214233399,-0.0253209974616766,-0.1312175244092941,0.971734881401062,0.1946077644824981,0.4902309165159191,2.094215821110452,0.7764855342536614,0.1181734725832939,-0.1369871497154235,-0.0316517651081085,-0.4754481047764421,-0.3156146110966801,-9.567162795066832,15008.0
68.21,5.0,236.0,21.54153251647949,24.01435661315918,-79.78136205827097,40.45955925426711,343.4492286376953,-0.0346021614968776,-0.1368104517459869,0.9689543843269348,0.2030099630355835,0.4182044969169215,2.461035903583608,0.8995136703646497,0.1917280405759811,-0.0376238599419593,0.1004913821816444,-0.5358034667372704,-0.4877815271168948,-9.82360530138016,15008.0
68.4,5.099999904632568,245.0,21.507726669311523,24.70616149902344,-79.78136588756499,40.459554886121545,343.5377296142578,-0.0327550694346427,-0.1392521560192108,0.9669393301010132,0.2111029326915741,0.3178665270233874,2.8439699590275938,1.0278155720936268,0.0273105539381504,-0.0061702579259872,0.0212378464639186,-0.7396806006878615,-0.371353961750865,-9.813041721582414,15008.0
68.5,5.400000095367432,242.0,21.50522232055664,23.990501403808597,-79.78136772395665,40.45955243117387,343.55545269775394,-0.0311282090842723,-0.1413450092077255,0.9659067392349244,0.2146555632352829,0.2606453015396071,3.0510604685867926,1.0853123459435006,-0.0423360094428062,0.0518733970820903,-0.2184851616621016,-0.8261529533565045,-0.01395386852324,-9.827062175273896,15008.0
68.61,5.599999904632568,240.0,21.602882385253903,23.266889572143555,-79.7813699514451,40.45954971424876,343.6261619262696,-0.0315287671983242,-0.1432866603136062,0.964783787727356,0.2183283865451812,0.2223304246603419,3.2300524669735458,1.1690615121614698,0.0997616276144981,-0.0757544413208961,0.1182886213064193,-0.7550274221599103,-0.1867475512437522,-9.82958817243576,15008.0
68.8,6.0,251.0,21.493953704833984,25.270736694335927,-79.78137398834059,40.459543960913855,343.6582206420898,-0.0395982190966606,-0.1501488983631134,0.9618642926216124,0.2251767069101333,0.1190788271165804,3.6048223665471855,1.2430198065986098,0.0669862926006317,-0.085832804441452,0.0593792088329792,-0.9038385488837958,-0.159934339877218,-9.521504226922987,15008.0
69.0,6.199999809265138,264.0,21.417579650878903,27.218921661376957,-79.78137863481811,40.4595374067374,343.72825085449216,-0.0419005267322063,-0.1602740436792373,0.9598307609558104,0.2264543920755386,0.0429696791648085,3.965137271438694,1.4124870624809076,-0.0002991885121446,-0.1452304720878601,0.1106149405241012,-1.2427796401083469,-0.4116062673926353,-9.535016557574274,15008.0
69.1,6.599999904632568,260.0,21.467660903930664,25.636518478393555,-79.78138128668428,40.45953375519939,343.7875465087892,-0.0415110103785991,-0.1645623296499252,0.9593901634216307,0.2253149002790451,0.0389259603451044,4.153987863312151,1.5321930542613973,-0.0026106389705091,-0.1923825442790985,0.1940418779850006,-1.2095095677673815,-0.5393057296425104,-9.71879980802536,15008.0
69.3,6.800000190734862,258.0,21.35497665405273,28.08566474914551,-79.78138623691841,40.45952628207508,343.80319439697263,-0.0347332842648029,-0.1753979176282882,0.95864337682724,0.2214320302009582,0.0430686795396118,4.554597757613972,1.7361458576119666,0.0680701658129692,-0.0077820215374231,-0.1095027327537536,-1.3210475452244284,-0.2432822145894169,-9.84855654001236,15008.0
69.4,7.199999809265138,279.0,21.433856964111328,27.028079986572266,-79.78138912229127,40.45952209607015,343.8515952758789,-0.0364355221390724,-0.1754982024431228,0.9589648246765136,0.2196799516677856,0.0425146234573844,4.734463166393682,1.8877326445396216,0.0145726846531033,0.0511868968605995,0.0678963735699653,-1.4067786902189257,-0.4807334395498037,-10.10382726430893,15008.0
69.5,7.400000095367432,277.0,21.521499633789062,23.91098403930664,-79.78139183955008,40.45951788546832,343.8628867797852,-0.0394792780280113,-0.1725454777479171,0.9595680832862854,0.2188573479652404,0.0497090877694871,4.939795984393718,1.995450027220825,0.1307401657104492,0.2283510118722916,-0.1099868193268776,-1.2579595966637136,0.1254273438826203,-10.229968078136444,15008.0
69.7,7.800000190734862,274.0,21.421335220336918,26.88494682312012,-79.78139788904667,40.45950873157983,343.91071545410165,-0.0543000511825084,-0.1681011021137237,0.959716796875,0.2184888273477554,0.0266876800476273,5.3639483482116095,2.029306832488083,0.0489269793033599,-0.1073784008622169,0.1339475810527801,-1.3625617530941965,-0.0899372664839029,-9.497207876443865,15008.0
69.8,8.100000381469728,273.0,21.526508331298828,24.63459587097168,-79.78140093030055,40.45950402423087,343.9145911865235,-0.0599090717732906,-0.1678306609392166,0.959428608417511,0.2184960693120956,0.0400443112236384,5.540015906915723,2.071694361739548,0.081158272922039,0.0223592724651098,0.0819319635629654,-1.4927462089061738,-0.0795324934087693,-9.509344357252123,15008.0
70.0,8.5,275.0,21.53026390075684,23.457733154296875,-79.78140759324695,40.45949383868172,343.9449180297852,-0.0657985508441925,-0.1592947989702224,0.9605922698974608,0.2180786579847336,0.0673074369803619,5.918072384977615,2.168241519323973,-0.0412763766944408,-0.0083708763122558,-0.0717939361929893,-1.5428577241301538,-0.2705911053903401,-9.726194781661034,15008.0
70.1,8.699999809265138,263.0,21.49270248413086,25.70013236999512,-79.78141128042209,40.459488293801975,343.9776252441406,-0.0635689049959182,-0.1586367338895797,0.9610037207603456,0.217406153678894,0.0911165073589605,6.1380350572778335,2.1733852158715794,-0.0995875969529152,-0.0877094939351081,0.1076358705759048,-1.362746817469597,-0.3592723351344466,-9.579470599293709,15008.0
70.3,9.100000381469728,262.0,21.46515655517578,25.69218063354492,-79.78141846650986,40.45947757966029,343.9755424194336,-0.0533470399677753,-0.1663969308137893,0.9607294201850892,0.2155578434467316,0.1821118204755212,6.455231305044942,2.347906698349904,-0.0236078817397356,-0.0972401574254036,-0.2513571679592133,-1.4905128648877144,-0.0522148866020143,-10.16287595629692,15008.0
70.4,9.199999809265137,262.0,21.53151512145996,24.51531982421875,-79.78142237306976,40.45947166180797,343.9999641113281,-0.0479956790804863,-0.1730578988790512,0.9601600766181946,0.2141032069921493,0.1949012265276583,6.629692586946763,2.4625742906357955,-0.0274098478257656,-0.0899926573038101,-0.0072170509956777,-1.5001448370516302,0.0993888885900378,-10.018586554527282,15008.0
70.6,9.600000381469728,270.0,21.467660903930664,25.89097595214844,-79.78143038038874,40.45945965488702,344.0095237426757,-0.0474149845540523,-0.190130665898323,0.9572917819023132,0.2125900983810424,0.2213754880938292,6.950501217213329,2.691307316512128,0.0014577095862478,-0.1873984187841415,-0.0150052160024642,-1.7235334718227386,0.0177062826231122,-9.354514764547348,15009.0
70.7,9.800000190734863,292.0,21.596622467041016,21.90713691711425,-79.78143441089789,40.45945359148024,344.0009177856445,-0.0510415621101856,-0.1931396722793579,0.9563869833946228,0.2131098955869674,0.2324636086114209,7.107008418018363,2.8375310676517063,0.0786578729748725,0.0221656430512666,-0.0838552638888359,-1.6294789615273475,0.09730812035501,-9.453933802843094,15009.0
70.9,10.100000381469728,292.0,21.342456817626957,29.24662399291992,-79.78144302060295,40.45944063163614,343.99104534912107,-0.0589430630207061,-0.1984503269195556,0.9546324014663696,0.2140567898750304,0.1774379504918424,7.4738332204556945,2.972028196884746,-0.118414930999279,-0.1144842877984047,0.0980373993515968,-1.7667593058943751,-0.1732284049317241,-9.090994203686712,15008.0
71.0,10.300000190734863,292.0,21.202226638793945,29.532888412475582,-79.78144734920195,40.45943408549832,343.96496807861325,-0.0555248633027076,-0.2020579129457473,0.9542855024337769,0.2131407111883163,0.1761654195161184,7.654668199614531,3.103512288672427,-0.0873524397611618,-0.2430434376001358,0.0286946445703506,-1.874949898570776,-0.362967154160142,-9.753380241394042,15008.0
71.2,10.600000381469728,304.0,21.28736686706543,29.43746757507324,-79.7814566712104,40.45942011783469,343.9563239746093,-0.0504565611481666,-0.2034426182508468,0.9544078707695008,0.2125343531370163,0.2213375235628946,8.019748956540347,3.405462145643438,-0.10073122382164,0.061034332960844,0.1480904668569564,-1.8434556256234649,-0.0792213667184114,-10.037335066795348,15008.0
71.41,10.800000190734863,313.0,21.312406539916992,28.7218074798584,-79.78146135348749,40.45941302348866,343.93803631591794,-0.0489659719169139,-0.2036369889974594,0.9544103741645812,0.212685853242874,0.2313182402118661,8.20531103527612,3.4981822111089325,-0.0014942947309464,-0.0105157662183046,0.1405546367168426,-2.0724872620403767,-0.1134164594393223,-9.979934120178225,15008.0
71.5,11.100000381469728,312.0,21.337448120117188,28.7218074798584,-79.78147119387003,40.45939797579507,343.9110358886718,-0.0464856587350368,-0.2076089829206466,0.953740119934082,0.2124089151620865,0.2279420994712797,8.59043276511013,3.6924659794824417,-0.0185263659805059,0.0081892795860767,0.3005779683589935,-1.98211985975504,-0.3268382684513927,-9.95227679014206,15008.0
71.7,11.300000190734863,312.0,21.226015090942383,30.145174026489247,-79.7814813920683,40.45938217027011,343.867494934082,-0.0464371964335441,-0.2135433405637741,0.9523988366127014,0.2125542014837265,0.2085117736555869,8.946297525198874,3.9327826165964193,-0.0840406492352485,-0.0967274829745292,-0.0091101434081792,-2.030150058567524,-0.2214037243276834,-9.687176896333693,15008.0
71.8,11.600000381469728,323.0,21.24604797363281,30.566619873046875,-79.78148655233251,40.459374199917725,343.8475974731445,-0.0470660924911499,-0.2162929624319076,0.9519240856170654,0.2117612808942794,0.1934368340751668,9.108411868230116,4.075435528295404,0.0087287742644548,-0.0500842034816741,0.248392716050148,-2.164565851986408,0.1585834868811071,-9.80238926410675,15008.0
71.9,11.800000190734863,327.0,21.22726821899414,28.65819358825684,-79.78149200061233,40.45936564635125,343.8193916015625,-0.0479658730328083,-0.2176032066345214,0.9518173933029176,0.2106940001249313,0.2030924678758488,9.276806004372446,4.2173916554462405,0.0843932628631591,-0.0442881323397159,-0.0010483611840754,-2.5659190267324448,-0.1181847267597914,-9.753427603840828,15008.0
72.1,12.100000381469728,327.0,21.25105667114257,29.342044830322266,-79.78150294934215,40.45934843763587,343.76690136718764,-0.0464822240173816,-0.1971622556447982,0.9563598036766052,0.2105766087770462,0.2054775969158945,9.618310104581049,4.331012110843811,0.0124357147142291,0.2656201124191284,-0.0673266872763633,-2.499447879195213,0.0773061751853674,-10.138200706243516,15008.0
72.2,12.300000190734863,326.0,21.254812240600582,30.18493461608887,-79.78150844997208,40.459339837211616,343.7560447387696,-0.0456665381789207,-0.1820578724145889,0.9592429995536804,0.2112404108047485,0.2094815067134128,9.84526056588174,4.1784857883999225,0.1364316642284393,0.2704856097698212,0.1244624853134155,-2.7439889627695084,-0.1942467149533331,-10.09896939754486,15008.0
72.4,12.600000381469728,275.0,21.422588348388672,28.05385780334473,-79.78151402525937,40.45933112428068,343.7524284057617,-0.0470171906054019,-0.1708109676837921,0.9610458612442015,0.2121412605047226,0.2202955837147366,10.06821030912264,3.9934794353116345,0.1699534207582473,0.1426354348659515,-0.1931759268045425,-2.5998664990067484,0.064717768561095,-10.153981171846391,15008.0
72.61,12.800000190734863,255.0,21.473920822143555,25.175315856933597,-79.78153149733531,40.45930350562112,343.70183789062514,-0.04753128439188,-0.1748204529285431,0.9597018361091614,0.2148277759552002,0.1615177697736388,10.425606274572418,3.893434965982757,0.0091731892898678,-0.1291944533586502,0.3753488659858704,-2.850675213038921,-0.3783699992671609,-9.456651588678358,15008.0
72.7,13.100000381469728,254.0,21.46515655517578,24.28471755981445,-79.78153730190172,40.45929447420175,343.7028449707032,-0.0463739596307277,-0.1782836019992828,0.9588772654533386,0.2159140110015869,0.1576741275008285,10.47799711625376,3.9843387929013794,0.0051466929726302,0.0014741810737177,-0.2866049408912659,-2.8756536412239075,0.1617427009530365,-9.228934698700906,15008.0
72.8,13.300000190734863,254.0,21.23978805541992,30.01794624328613,-79.78154315378113,40.45928539431002,343.6995643310546,-0.0462628938257694,-0.180445060133934,0.9583286046981812,0.2165773063898086,0.141982990347365,10.513389184392912,4.027749274647971,0.0124236922711133,-0.1272787600755691,-0.1196819320321083,-2.8100560677051547,-0.0452181083522737,-8.98500991165638,15008.0
73.0,13.5,274.0,21.362489700317383,26.06591415405273,-79.78155514393643,40.459266352542784,343.65463482666013,-0.0454224124550819,-0.181346982717514,0.9584699273109436,0.215373009443283,0.1328033151817979,10.695400823887269,4.092881928452251,0.0509093292057514,0.0404276363551616,-0.2490727454423904,-2.9636404958367346,0.0552006028220057,-9.113660350441933,15008.0
73.1,13.600000381469728,281.0,21.358732223510746,27.44157218933105,-79.78156147866022,40.45925648640959,343.6402839355468,-0.0447960533201694,-0.180390939116478,0.9587638378143308,0.2149987965822219,0.1462785993117406,10.820599782599285,4.078967198603585,-0.084750585258007,0.0283878091722726,0.0405325703322887,-2.661534158885479,0.1969299656711519,-9.117906598448752,15008.0
73.3,13.800000190734863,281.0,21.521499633789062,24.70616149902344,-79.78157357333588,40.45923770260043,343.5946525268555,-0.0423263274133205,-0.1786400079727172,0.9593877792358398,0.2141758501529693,0.1825069126162228,10.973220724769346,4.0095740537796525,-0.002318340819329,-0.0186563786119222,0.2237880229949951,-3.0765028676390647,-0.3487241408228874,-8.983518871665002,15008.0
73.5,13.899999618530272,282.0,21.473920822143555,25.040136337280277,-79.78158610345295,40.4592182511714,343.5555518798828,-0.0399544425308704,-0.1743349432945251,0.9602164030075072,0.2144658714532852,0.1910139201752739,11.144347638058438,3.966933158455242,-0.0025328672491014,-0.1995164602994918,0.0324934758245945,-3.0433675736188888,-0.4445530617982149,-9.349197306632997,15008.0
73.6,14.100000381469728,271.0,21.431352615356445,26.034107208251957,-79.78159265612231,40.459208169283,343.5453056030274,-0.0388725623488426,-0.1735349744558334,0.9601494669914246,0.2156098335981369,0.1816325697504152,11.25128944806386,3.988770978608512,-0.0654059126973152,-0.1246550381183624,-0.1076977327466011,-2.8730890524387367,-0.349159794934094,-9.336101882457733,15008.0
73.7,14.199999809265137,258.0,21.405059814453125,27.10759735107422,-79.78159884449963,40.45919849808699,343.5245612792968,-0.0386247411370277,-0.1730282306671142,0.959766447544098,0.2177562564611435,0.1424221565492423,11.303034721423414,4.0099350852785465,0.0454003512859344,0.0128121012821793,-0.0952241569757461,-2.6937531942129143,-0.0960881353542208,-9.565832553505896,15008.0
73.9,14.300000190734863,257.0,21.37626266479492,26.344226837158203,-79.78161151916419,40.4591785438303,343.48868023681644,-0.0408332236111164,-0.1758238971233368,0.9583844542503356,0.2211740165948868,0.0319141677977076,11.402072154817086,4.110764523564831,-0.0145546868443489,-0.1475725322961807,0.2664130926132202,-3.1018388530612,-0.3258943451195955,-9.471481881737713,15008.0
74.1,14.399999618530272,257.0,21.415075302124023,25.07194328308105,-79.78162429511094,40.45915846799767,343.4477561645508,-0.0444778278470039,-0.178436204791069,0.9579725861549376,0.2201608568429947,-0.0174397489944876,11.440480950019474,4.2636961954243775,-0.0457115322351455,0.0360590294003486,-0.188901200890541,-3.2597926130890853,-0.0074975991225801,-9.120103397369387,15008.0
74.2,14.5,281.0,21.308650970458984,26.43964767456055,-79.78163061490324,40.45914856826706,343.4299720458985,-0.042725745588541,-0.1729586273431778,0.959290325641632,0.2191393375396728,0.0150318646208536,11.486874559899167,4.263400282510792,-0.0585775934159755,0.0757495239377021,-0.0598855689167976,-3.2119816848635674,-0.106782976007089,-9.20830864548683,15008.0
74.3,14.600000381469728,264.0,21.276098251342773,27.354103088378903,-79.781636956643,40.45913864192991,343.41222607421884,-0.0406571291387081,-0.1650273352861404,0.9608898162841796,0.2186405509710312,0.0480383385610185,11.567446892121074,4.135313709684849,-0.0153811005875468,0.0042612678371369,0.167497768998146,-2.9261937573552133,-0.4274449858814478,-9.368280279636384,15008.0
74.5,14.699999809265137,264.0,21.341203689575195,28.65819358825684,-79.78164988973005,40.459118259014105,343.3803428344727,-0.0345574058592319,-0.1462365984916687,0.9642314910888672,0.2183536738157272,0.0938076355286141,11.737301667066133,3.7902056402141775,0.0382479950785636,0.1655404567718506,0.2143344432115554,-2.761831741333008,0.0214677416346967,-9.830305041074752,15008.0
74.6,14.699999809265137,264.0,21.411319732666016,24.68230628967285,-79.78165644410842,40.45910792447518,343.3663505249024,-0.0317724123597145,-0.1408800482749939,0.9651608467102052,0.2181925922632217,0.0996177100378412,11.797366153473645,3.618958640738253,-0.1041567027568817,-0.1437478959560394,-0.0631755068898201,-2.7138041737675667,-0.125935814101249,-10.0263341152668,15008.0
74.8,14.899999618530272,225.0,21.43886375427246,23.52134704589844,-79.78166918020791,40.45908799663608,343.3648246459961,-0.0292670000344514,-0.1429459750652313,0.9649834036827089,0.2179837971925735,0.1279580975667511,11.786799877755827,3.4848862353065333,0.0300251543521881,-0.3099590539932251,0.0633982717990875,-2.8200279092788696,-0.3630702113360167,-9.466591270565988,15008.0
75.0,14.899999618530272,215.0,21.53276824951172,23.07604789733887,-79.78167568520449,40.4590776564804,343.3402351074218,-0.0313633382320404,-0.1464826017618179,0.964207112789154,0.2187779694795608,0.1063698970492837,11.758507329368824,3.484001892720697,0.0768155604600906,-0.0987482145428657,-0.0562850385904312,-3.2101427355408667,0.169392741099,-8.983789013028145,15008.0
75.1,15.0,215.0,21.451385498046875,24.483510971069336,-79.78168848040025,40.45905737179755,343.32762371826175,-0.0388070344924926,-0.1506910026073455,0.9629048705101012,0.2204552441835403,0.0258807412386491,11.699475370295731,3.611442709049255,0.2061291486024856,0.0328311622142791,-0.3756326735019684,-3.0139689427614216,0.2940356444567442,-9.095611165165902,15008.0
75.2,15.100000381469728,215.0,21.42884826660156,25.25483322143555,-79.78169475476847,40.45904744978032,343.3149360351564,-0.0427365228533744,-0.1521540135145187,0.9624455571174622,0.2207290977239608,-0.0172723128045441,11.677316820592504,3.620066143537573,0.1091160625219345,0.1022317856550216,0.2654830515384674,-2.9176518523693087,-0.1237700419686734,-9.030441607832907,15008.0
75.4,15.100000381469728,243.0,21.30364227294922,27.958436965942383,-79.7817075652555,40.45902726607866,343.2961066894532,-0.0449637025594711,-0.1512346565723419,0.9622446298599244,0.2217919826507568,-0.03965431811926,11.653886654172284,3.6478608780862856,-0.008594044484198,0.0246615279465913,-0.0114272944629192,-2.8363632756471637,-0.2235563767701388,-9.243156881332398,15008.0
75.5,15.100000381469728,245.0,21.48268699645996,24.54712677001953,-79.78171383998351,40.45901737183597,343.2812446289064,-0.043165698647499,-0.149029940366745,0.9625764489173888,0.2222013473510742,-0.0518822219859892,11.63886065037517,3.664378589027778,-0.1199475899338722,0.0663285851478576,-0.1806220859289169,-3.302736903727056,-0.1880873128026724,-9.399403254389764,15008.0
75.7,15.199999809265137,245.0,21.37125396728516,26.00230026245117,-79.78172664480378,40.45899740882781,343.2687553100586,-0.0368399173021316,-0.1466730087995529,0.9630361795425416,0.2229152768850326,-0.0514241751843342,11.626476452659269,3.601159991806893,-0.2363872826099396,0.0542587041854858,-0.1068974062800407,-3.3895063680410384,-0.3400140918418765,-9.525484426617624,15008.0
75.9,15.199999809265137,245.0,21.40631103515625,27.179162979125977,-79.78173938288215,40.45897748554052,343.2545417480468,-0.0357576645910739,-0.1531971544027328,0.9620278477668762,0.2230572998523712,-0.0201939314011056,11.600619246641124,3.5466866784727245,0.082401230931282,0.0426269806921482,-0.3058643043041229,-3.1194781485199936,-0.1067279847711324,-9.47373539865017,15008.0
76.0,15.199999809265137,232.0,21.49145126342773,25.811458587646484,-79.7817456428586,40.4589676704304,343.24054180908206,-0.0373452119529247,-0.1563160121440887,0.961448848247528,0.2231294065713882,-0.024410835024571,11.559829378821494,3.62690430886792,0.0236779022961854,0.1152704507112503,-0.0899020656943321,-3.2294397166371347,0.1306066156458109,-9.177010254263882,15008.0
76.2,15.199999809265137,247.0,21.44512367248535,24.61074066162109,-79.78175824322557,40.458947848918726,343.2290595703125,-0.0398569218814373,-0.1513634324073791,0.9621699452400208,0.2230011373758316,-0.0271219324157969,11.507091948735228,3.70512931663782,0.0937205553054809,0.0698411762714386,0.0244717895984649,-3.4457419645786294,-0.1647501249611377,-9.295606990456582,15008.0
76.31,15.300000190734863,247.0,21.51774406433105,22.59894180297852,-79.78176447396869,40.4589380590711,343.21885906982425,-0.0388519987463951,-0.1508904993534088,0.9623128175735474,0.2228828817605972,-0.0505655473535671,11.512663793232708,3.629598765533946,0.0488739870488643,-0.073311761021614,0.4090448021888733,-3.165051347315312,-0.3146880101412535,-9.287427905201913,15008.0
76.41,15.300000190734863,247.0,21.53276824951172,22.6227970123291,-79.7817709026888,40.45892812616444,343.21624981689456,-0.0380627959966659,-0.1525165289640426,0.9622120261192322,0.2223467528820037,-0.0370983041483875,11.504813223247476,3.576313854029252,0.0174125656485557,-0.0660886391997337,-0.1878338605165481,-3.2214038881659515,-0.0722801370173692,-8.876538214087489,15008.0
76.6,15.300000190734863,244.0,21.50522232055664,23.37821578979492,-79.78178343442497,40.45890848161947,343.1977637939453,-0.0422778390347957,-0.1551385968923568,0.9615882039070128,0.2224697768688202,-0.0634757211192275,11.463587918847166,3.6095943362486937,0.0128511544317007,-0.0337127223610878,0.2075283825397491,-3.0044034826755524,-0.1945712902396916,-9.153714362382887,15008.0
76.8,15.300000190734863,248.0,21.289871215820312,28.348073959350582,-79.78178960922004,40.45889875507081,343.17682110595706,-0.0398196801543235,-0.155985951423645,0.9614795446395874,0.2228001058101654,-0.0713020839952725,11.457402031534164,3.5861713046923565,-0.1960836499929428,0.0444052666425704,0.0672374591231346,-3.25473009377718,-0.2820811582356691,-8.864854307770731,15008.0
76.9,15.300000190734863,248.0,21.214746475219727,28.32421875,-79.78179576800423,40.45888904784904,343.15135418701175,-0.0373682118952274,-0.1555805057287216,0.9615290760993958,0.2232941389083862,-0.0624359944743153,11.434519128364323,3.541044485792749,-0.0365304499864578,0.0887496843934059,-0.4203458428382873,-3.205736858546734,-0.3891805508360267,-9.125957044959067,15008.0
77.0,15.199999809265137,248.0,21.511484146118164,25.087846755981445,-79.78180835451913,40.45886950286553,343.1288016967774,-0.0348254106938838,-0.1496202647686004,0.9626905918121338,0.2227730602025985,-0.0375575071258325,11.441382367231476,3.494482219258553,0.0527039617300033,0.2146740406751632,-0.0382548011839389,-3.143662817180157,-0.07546868766658,-9.449090554118158,15008.0
77.2,15.199999809265137,235.0,21.334943771362305,26.702056884765625,-79.78182083732322,40.458850072958754,343.11261975097665,-0.0334514491260051,-0.1453423351049423,0.9639354944229126,0.2204200774431228,0.001554051785629,11.444124480693697,3.4203553883512976,-0.0365832634270191,0.087159164249897,-0.399765819311142,-3.2849502584338186,0.4121922680363059,-9.609658019542692,15008.0
77.3,15.199999809265137,237.0,21.40255546569824,25.70013236999512,-79.78182699745666,40.45884039886848,343.1002982788086,-0.0330046042799949,-0.1474511921405792,0.9638259410858154,0.2195641845464706,0.0352710320881338,11.436588818359782,3.408313665805077,-0.0332626774907112,-0.151061400771141,-0.0380220711231231,-3.5932958668470385,-0.3194746870547533,-9.407146137356758,15008.0
77.5,15.100000381469728,237.0,21.34370803833008,26.527118682861328,-79.78183937394144,40.45882097511952,343.0692313842774,-0.0345199853181839,-0.1536348462104797,0.9629256129264832,0.2190412580966948,0.0396939006780073,11.38654792800929,3.4896587154682286,0.0297319628298282,-0.2101067900657653,0.1580834835767746,-3.1085000011324886,-0.4565685783326626,-9.081863191723825,15008.0
77.7,15.100000381469728,237.0,21.408815383911133,25.175315856933597,-79.7818517091398,40.458801529504754,343.03843914794925,-0.0358009003102779,-0.1510200500488281,0.963153839111328,0.2196498811244965,0.0063570150248264,11.376925493299902,3.552928195505721,0.0581806525588035,0.0467073768377304,-0.1306701153516769,-3.3436177119612696,-0.2421063029766083,-9.527143281698226,15008.0
77.81,15.0,238.0,21.338699340820312,29.07963752746582,-79.78185780271124,40.45879186050735,343.0243781738281,-0.0351899117231369,-0.1524933129549026,0.9629887342453004,0.2194541990756988,-0.0154570362138265,11.37365612805838,3.5138497557415933,-0.081085130572319,0.0656194612383842,-0.0281104743480682,-3.2900355818867686,-0.087503143697977,-9.321923553943632,15008.0
77.9,15.0,238.0,21.38627815246582,27.32229423522949,-79.78186395052171,40.45878212930491,343.0077918701172,-0.0379570499062538,-0.1527446210384369,0.962889552116394,0.2192537933588028,-0.0002425892017869,11.350688240145,3.5261926228481446,0.0308139249682426,0.0683841705322265,-0.0295988712459802,-3.460646517276764,-0.0127736628614366,-9.207814555764196,15008.0
78.1,14.899999618530272,238.0,21.32868385314941,28.713855743408203,-79.78187619649098,40.45876273322744,342.97574078369144,-0.0436077043414115,-0.1531182527542114,0.9623352885246276,0.220372274518013,-0.0154855532984511,11.351068951084429,3.5223540999684104,0.0653408616781234,0.1062493696808815,-0.4505552649497986,-2.876562006175518,0.3512974638864398,-9.204020882248876,15007.0
78.2,14.899999618530272,238.0,21.27985382080078,27.886871337890625,-79.78188227009382,40.45875309095681,342.95566784667966,-0.0445845015347004,-0.1544103324413299,0.9620246887207032,0.2206313461065292,-0.047230578555192,11.34139340114945,3.5358321979130576,0.0327144525945186,0.0130646647885441,-0.231000617146492,-3.312507893443108,-0.1734555692598224,-9.176811448931693,15007.0
78.4,14.899999618530272,252.0,21.35247230529785,27.234825134277344,-79.78189441666986,40.458733766737645,342.92783581542966,-0.0436681620776653,-0.1528492420911789,0.9623287320137024,0.220575749874115,-0.0401302228216615,11.323382921893849,3.5967736884343107,-0.055429995059967,0.1292544156312942,-0.0005544757586903,-2.7607859668135646,-0.3230346181243658,-9.55746752679348,15007.0
78.6,14.899999618530272,250.0,21.30739974975586,28.56277275085449,-79.78190664986644,40.45871441986253,342.89769970703134,-0.0416319631040096,-0.153750404715538,0.9621502757072448,0.2211210578680038,-0.0300411553231024,11.332213273467731,3.5815801256095217,-0.0409423448145389,0.0947549641132354,-0.1450367718935012,-3.10736564129591,0.2605529161915183,-9.412019206881522,15007.0
78.7,14.899999618530272,250.0,21.194713592529297,29.92252540588379,-79.78191275558095,40.458704785201135,342.8843177490235,-0.0397414676845073,-0.1551945954561233,0.9619266986846924,0.2214323133230209,-0.0322451309088727,11.327190695298496,3.620660247558508,-0.1331005692481994,-0.0140925152227282,-0.0502135716378688,-3.2609763818979265,-0.3897873821854592,-9.437813029289249,15007.0
78.9,14.800000190734863,250.0,21.215999603271484,28.554821014404297,-79.78191886561298,40.45869514408135,342.8736213378906,-0.0388408564031124,-0.1550685465335846,0.9619140625,0.2217353135347366,-0.0399200934753912,11.31388069250452,3.6723855466332216,0.0392602272331714,-0.0555556565523147,0.2121877968311309,-3.1461762428283686,0.1236201339773833,-9.583246146440509,15007.0
79.01,14.899999618530272,248.0,21.27985382080078,29.24662399291992,-79.78193118857831,40.458675774790784,342.8540977172852,-0.040900282561779,-0.1526263654232025,0.9624804854393004,0.2205985188484192,-0.0299232196238993,11.327135409518233,3.682094088672536,0.0572522431612014,0.0620818585157394,-0.0685830116271972,-3.0804459375143054,0.0597158592939376,-9.439984685182573,15007.0
79.2,14.899999618530272,248.0,21.322423934936523,26.72591209411621,-79.78194338327687,40.45865645867895,342.8338416748046,-0.0426415540277957,-0.1491542309522628,0.9630081653594972,0.2203409224748611,-0.0098517943293442,11.332301951385968,3.6063998884468695,0.0672612413764,0.1273501962423324,-0.0224266666918993,-3.2346969482302668,-0.1635125617682934,-9.393962420225144,15007.0
79.3,14.899999618530272,248.0,21.363740921020508,28.06180953979492,-79.7819494927692,40.45864682106317,342.82632672119144,-0.0427100993692874,-0.1479843407869339,0.9630630016326904,0.2208762019872665,-0.0101789040629018,11.343954586597985,3.5690024384464034,0.0361329242587089,0.1217821389436721,0.062909722328186,-2.764424396753311,0.0640391078218817,-9.480263814926149,15007.0
79.4,14.899999618530272,247.0,21.2385368347168,29.57264709472656,-79.78195564516706,40.458637131728686,342.8216117553711,-0.0434879958629608,-0.1477837711572647,0.9629288911819458,0.2214424759149551,-0.0185855453385741,11.353629138822855,3.5503975129174203,-0.0515751428902149,0.0921073779463768,-0.0883230715990066,-2.677312285602093,0.0860392018966376,-9.602850691080096,15007.0
79.6,14.800000190734863,247.0,21.364994049072266,28.01409912109375,-79.7819678991418,40.45861778705218,342.81194531250014,-0.0423781089484691,-0.1482613533735275,0.9627794027328492,0.2219875901937484,-0.0314373734561343,11.330477347096751,3.551594238998001,-0.0227936096489429,-0.0655037760734558,0.0686219409108161,-2.9534449982643127,-0.0937766579166054,-9.260514925718306,15007.0
79.7,14.800000190734863,244.0,21.2773494720459,29.64421272277832,-79.78197401789885,40.45860817551048,342.8055213623046,-0.0425425469875335,-0.1492509692907333,0.962492823600769,0.2225355207920074,-0.0309121955111995,11.324843288019292,3.5463387395191783,-0.0025012504775077,-0.1185758486390113,0.0050849691033363,-2.9075572192668915,-0.2491462775319815,-9.302902561426164,15007.0
79.9,14.800000190734863,244.0,21.278602600097656,26.7497673034668,-79.78198635057862,40.45858885050118,342.7983955078125,-0.0428158901631832,-0.1503142863512039,0.9618555307388306,0.2245137840509414,-0.0557900659855826,11.325808269879143,3.6108105306816736,0.0372352749109268,0.0098739378154277,-0.4307921230792999,-3.0003645184636114,0.3250694491714239,-9.592416334748268,15007.0
80.1,14.800000190734863,244.0,21.22726821899414,30.002042770385746,-79.78199868901514,40.45856948560783,342.7942145996093,-0.0385564863681793,-0.153036430478096,0.9615451097488404,0.2247759848833084,-0.1015125109011869,11.327186030238572,3.617960577603162,0.0187799017876386,-0.010553989559412,0.4282074272632599,-3.0302461293339733,-0.3955081883445382,-9.173601912260056,15007.0
80.2,14.800000190734863,249.0,21.29362678527832,27.11554908752441,-79.78200481487814,40.45855985019066,342.7844642333985,-0.0389347299933433,-0.1529097110033035,0.9617705941200256,0.2238306701183319,-0.1023787505320789,11.338966977857794,3.5961496380565308,-0.0092493146657943,-0.0650638565421104,-0.112330213189125,-2.8554263681173326,-0.1373277433589101,-8.973937624096871,15007.0
80.3,14.800000190734863,247.0,21.24604797363281,29.087589263916016,-79.78201092491018,40.45855021539186,342.7707008056641,-0.0389838889241218,-0.1544974595308303,0.9618232250213624,0.2225018888711929,-0.0911044212485051,11.350354924542534,3.5532194262845778,-0.0714435502886772,0.0303437709808349,-0.4818698465824127,-2.802541518509388,0.0086964039551094,-9.004630828499792,15007.0
80.5,14.899999618530272,247.0,21.24604797363281,30.43939018249512,-79.78202324535695,40.45853094270246,342.7655128173828,-0.0428767837584018,-0.1535447388887405,0.962421715259552,0.2198412120342254,-0.0060401747577382,11.307501374271984,3.600422346031124,0.1240722388029098,0.0999214798212051,-0.1625856906175613,-3.049071824848652,0.1770970689877867,-9.148499230742456,15007.0
80.7,14.899999618530272,247.0,21.17718505859375,29.97023582458496,-79.78202944200955,40.45852123500619,342.7743400268555,-0.0448046624660492,-0.151806578040123,0.962688148021698,0.2194969058036804,0.0124954172117823,11.315529756046,3.629889530774448,-0.0653338134288787,0.0397932641208171,0.0795194134116172,-3.186217683255673,-0.4548345865309239,-9.44782580137253,15007.0
80.8,14.899999618530272,253.0,21.2134952545166,29.81915283203125,-79.78204171523326,40.458501973103694,342.7607444458008,-0.0432176701724529,-0.1521479487419128,0.9624369144439696,0.2206775546073913,0.0173242089850429,11.318101597347866,3.699565490017147,-0.063202328979969,0.0100685721263289,-0.3339332044124603,-3.2431327262520786,0.2730053293704986,-9.670922806262972,15007.0
81.0,14.899999618530272,247.0,21.23728370666504,28.25265312194824,-79.78205406986055,40.45848263019638,342.7684577636718,-0.0452091954648494,-0.1595707237720489,0.960316002368927,0.2242467105388641,-0.0291393358668704,11.305906353537722,3.737804104050797,0.0553904026746749,-0.0385702885687351,-0.369507759809494,-2.896990423500538,-0.1440218916535377,-9.047006185054778,15007.0
81.1,15.0,247.0,21.19721794128418,29.071685791015625,-79.78206024888318,40.45847290549527,342.76877819824216,-0.0462798289954662,-0.1606891304254532,0.9599745869636536,0.2246911078691482,-0.092926818353019,11.265409682543767,3.808675189057512,-0.0041193570941686,-0.1316180080175399,0.311933696269989,-3.317642333507538,-0.5622655893489719,-8.932221833467485,15007.0
81.3,15.100000381469728,247.0,21.24730110168457,28.78542137145996,-79.7820664001117,40.45846328041842,342.7597144775392,-0.0453527495265007,-0.1590329706668853,0.9603469967842102,0.2244668155908585,-0.0923744614993656,11.25512231664278,3.8258049904641416,-0.0669631510972976,0.0472140461206436,-0.2388537973165512,-3.300562616586685,-0.1272264407761395,-9.09698175251484,15007.0
81.4,15.100000381469728,260.0,21.20097541809082,28.729759216308597,-79.78207872564056,40.45844403387181,342.76696240234384,-0.0405946336686611,-0.1541469842195511,0.961127996444702,0.2254413068294525,-0.0930131016236396,11.266191585456207,3.8000641641448665,-0.0016388011863455,-0.0625017136335372,0.2767311334609985,-3.1485651227831832,-0.3636373912543058,-9.71554992556572,15007.0
81.6,15.199999809265137,247.0,21.29863548278809,27.60855865478516,-79.78209107478095,40.45842478330587,342.780435913086,-0.0404485464096069,-0.1534879505634308,0.9599030017852784,0.2310665398836136,-0.1526863487501583,11.274289516708498,3.8062997256138593,0.1294416487216949,0.061044905334711,-0.0904535204172134,-3.3305222877860072,0.2799422102048993,-9.866495797634125,15007.0
81.7,15.199999809265137,247.0,21.268585205078125,28.53096389770508,-79.78209721831887,40.45841514809482,342.7938941650392,-0.0434424206614494,-0.1549752801656723,0.9589052796363832,0.2336582988500595,-0.2512979223727729,11.257810091641224,3.8753733376182384,-0.0765556171536445,0.10381980240345,-0.0519403181970119,-3.0365611222386364,0.0178107650578022,-9.815133855342868,15007.0
81.81,15.100000381469728,247.0,21.34746551513672,26.69410514831543,-79.78210336612933,40.4584055023717,342.81077801513675,-0.0448193699121475,-0.1566954255104065,0.9582586884498596,0.2349002063274383,-0.3144410417664565,11.243835314534389,3.956438840541678,0.0301925353705883,-0.0183018203824758,-0.3006502389907837,-3.133217935860157,-0.3789638205617665,-9.649842424392698,15007.0
82.0,15.0,260.0,21.296131134033203,26.82928466796875,-79.78211571171677,40.458386106216935,342.8364814453125,-0.0420212298631668,-0.1552765220403671,0.9589945673942566,0.2333513051271438,-0.3396039930309468,11.266277360417597,4.000038284619166,0.0787905007600784,0.0917555838823318,0.0001096018604584,-2.8110907325148577,0.3386634946614504,-9.460746393799782,15007.0
82.2,14.899999618530272,264.0,21.411319732666016,25.620615005493164,-79.78212178774822,40.45837633225336,342.8560889892578,-0.0406536795198917,-0.152278795838356,0.9599210619926452,0.2317543476819992,-0.3296497154579745,11.296116576628071,3.95372847866646,-0.0261177737265825,0.041447814553976,-0.2122098207473755,-3.130851860046387,-0.178064326364547,-9.401671389341352,15007.0
82.3,14.899999618530272,264.0,21.467660903930664,23.115806579589844,-79.78213413580923,40.45835689697032,342.8928397827149,-0.0400303788483142,-0.14505036175251,0.961544394493103,0.2297615855932236,-0.2648785015022743,11.383099477210196,3.821666986440911,-0.1380393654108047,-0.0140878688544034,-0.1465305685997009,-2.8324877411127094,0.1111539981141686,-9.35607421696186,15007.0
82.5,14.800000190734863,264.0,21.36749649047852,25.42182159423828,-79.78214645036437,40.458337459145135,342.93499218750014,-0.0434271171689033,-0.1416116803884506,0.9622172117233276,0.2284696251153946,-0.2150171561315159,11.415408804476776,3.667672117002904,0.022910026833415,-0.0262621510773897,0.0782611891627311,-2.9381957522034647,-0.2866222338192165,-9.272544402480127,15007.0
82.6,14.699999809265137,244.0,21.401302337646484,24.04616355895996,-79.78215268902298,40.458327770721,342.9776862792968,-0.0432845316827297,-0.1397334933280944,0.962739646434784,0.2274497747421265,-0.1846406081166398,11.395137343858323,3.6764902139621065,-0.088792011141777,0.0075791338458657,0.4228584468364716,-2.911220792233944,-0.628665875941515,-9.548184487223626,15007.0
82.8,14.600000381469728,239.0,21.32617950439453,23.82351493835449,-79.78216510733388,40.45830842266072,343.0160773925781,-0.0396119616925716,-0.1380952149629593,0.963574469089508,0.2255772054195404,-0.0892075171940021,11.408452483508745,3.5801702214451625,-0.0383760333061218,-0.0948624089360237,-0.0683009698987007,-2.656342708468437,0.1575826262868941,-9.403113312721253,15008.0
82.9,14.5,239.0,21.53026390075684,23.78375625610352,-79.78217141403866,40.45829869143249,343.0606864624024,-0.0369015783071517,-0.1400904357433319,0.9634337425231934,0.2254073470830917,-0.0452013405247143,11.403256735189846,3.575475756368518,-0.0169835723936557,-0.1830531507730484,-0.1687958687543869,-3.1850669512152674,0.2796573777124286,-9.113421784043313,15008.0
83.1,14.399999618530272,239.0,21.493953704833984,23.624719619750977,-79.78218393570056,40.458279327707146,343.12346875000014,-0.0364009104669094,-0.144400805234909,0.9627987146377563,0.2254821360111237,-0.0098521164440173,11.39004493435591,3.610052931859536,0.1015324145555496,-0.1482326835393905,0.2437842190265655,-2.870927044451237,-0.3755497044324875,-8.945424846410752,15008.0
83.2,14.300000190734863,241.0,21.368749618530277,26.272661209106445,-79.78219017660787,40.45826968428569,343.13646160888675,-0.0371603779494762,-0.1451989412307739,0.962602972984314,0.2256812900304794,-0.0131443254071276,11.380267413261526,3.628202487012736,0.1549523770809173,0.0369044281542301,0.1084435805678367,-2.822617348730564,-0.1084178849123418,-9.104328194260598,15008.0
83.3,14.300000190734863,236.0,21.53276824951172,20.07027816772461,-79.78219642223752,40.45826004636075,343.14822613525394,-0.0367705263197422,-0.1438740938901901,0.9627846479415894,0.2258186042308807,-0.0197636574538081,11.37506962671185,3.647993150642928,0.0137432729825377,-0.0910022929310798,0.1658496111631393,-2.8023213708400734,-0.0828371752426028,-9.217181210517884,15008.0
83.5,14.300000190734863,236.0,21.511484146118164,21.565210342407227,-79.7822090487346,40.45824073808144,343.2069343261718,-0.029115330427885,-0.1444135904312133,0.9625877737998962,0.2274241745471954,-0.017513975247798,11.374286675605134,3.591334794219766,-0.0882383957505226,-0.0397521667182445,-0.3150806725025177,-3.0973899990320217,-0.1215556557197124,-9.070813123583791,15008.0
83.7,14.399999618530272,236.0,21.34370803833008,25.517242431640625,-79.78222161289723,40.45822142224444,343.25247418212894,-0.0182163286954164,-0.1401735544204712,0.9634432792663574,0.227588802576065,-0.0230171607443714,11.389918741518752,3.470306686580196,-0.0061582243070006,0.0173845812678337,-0.0082719521597027,-2.798449929356575,0.1306757498346269,-9.359592486619947,15008.0
83.8,14.399999618530272,217.0,21.510231018066406,23.33050537109375,-79.7822278115287,40.45821180733613,343.25969921875014,-0.0193796027451753,-0.1397546082735061,0.9634487628936768,0.2277271300554275,-0.0341828455608719,11.407655794736376,3.3762523576629166,-0.0038766397628933,0.107894442975521,-0.2093081772327423,-2.9358264604210853,0.2550178687646985,-9.244621024131774,15008.0
84.0,14.399999618530272,209.0,21.388782501220703,25.03218460083008,-79.78224035320417,40.45819247954422,343.30378186035165,-0.0252841338515281,-0.1422438025474548,0.9630619287490844,0.2272426337003708,-0.0761163164583773,11.395058425802212,3.359991512987333,0.1256406456232071,-0.1440491378307342,0.2918776869773865,-3.056436977684498,-0.4076402837410569,-8.924962515234947,15008.0
84.1,14.399999618530272,209.0,21.47266960144043,22.92496490478516,-79.78224667295149,40.45818280712867,343.34068524169925,-0.0273274518549442,-0.1357592642307281,0.9639785289764404,0.2270863354206085,-0.045883970714881,11.348000376018751,3.448629677479232,0.2153293937444687,0.4074527323246002,0.188471108675003,-3.1233390650153163,-0.3007365170493722,-9.265765725374225,15008.0
84.3,14.399999618530272,209.0,21.56532096862793,20.78593635559082,-79.7822588855948,40.45816376350635,343.3596290283204,-0.0170993376523256,-0.0708809942007064,0.970797061920166,0.2285533994436264,-0.0802563997019185,11.332833407992569,2.7324920074329246,0.0138387493789196,0.7286478877067566,-0.0220199022442102,-3.2999469047784817,0.0078494301997125,-9.577166211605071,15008.0
84.4,14.399999618530272,217.0,21.69428253173828,18.122093200683597,-79.78226506848523,40.45815426381864,343.3871329956055,-0.0071249157190322,-0.0275116395205259,0.9726949334144592,0.2303411811590195,-0.0869341431692634,11.372652550202009,1.8729778396778884,-0.0647859126329422,0.8609361052513123,0.3708140552043915,-2.521692734062672,-0.0192409574612975,-10.224436612129212,15008.0
84.6,14.300000190734863,194.0,21.796951293945312,17.859683990478516,-79.78227100730004,40.45814503675785,343.409830444336,-0.0027781664393842,0.0081926630809903,0.9725965857505798,0.2323381900787353,-0.0992652293359511,11.27429513307698,0.8875412790842422,-0.0902063250541687,0.462307333946228,0.0639065280556678,-2.4281428384780885,-0.0577437396347522,-10.098500450849532,15008.0
84.7,14.199999809265137,194.0,21.793193817138672,16.730531692504886,-79.78228260361517,40.45812697240758,343.44806134033206,0.0005876038921996,0.0398383438587188,0.9714525938034058,0.23386450111866,-0.13990212142293,10.789882037893872,-0.3634772511962549,-0.1693811267614364,0.2101346254348755,0.0877740159630775,-2.369382852762937,0.0121304325945675,-10.115843292474748,15008.0
84.9,14.199999809265137,193.0,21.88960266113281,13.708858489990234,-79.78229364296827,40.458109896123744,343.5011695556641,0.0083692278712987,0.0596993491053581,0.9702728986740112,0.2343852818012237,-0.1335697702519192,10.17307697269139,-0.8163841431809806,-0.181483969092369,0.0674942657351493,0.2583015859127045,-1.9606000596284867,-0.177860459536314,-10.013720501661304,15008.0
85.0,13.899999618530272,190.0,21.882089614868164,14.893672943115234,-79.7822989165228,40.45810179550407,343.5220969848633,0.0118424855172634,0.0654674917459487,0.9699944257736206,0.2338477820158005,-0.1221193519936195,9.835807625747186,-0.9962255961080532,-0.3205346763134003,0.3643895387649536,-0.007363632787019,-1.9589564073085783,0.2320576436072588,-10.032320494651795,15008.0
85.2,13.699999809265137,189.0,21.829504013061523,14.631263732910154,-79.78230406419424,40.45809372429073,343.5468848876953,0.0140900257974863,0.0707816630601883,0.9697676301002502,0.2331144213676453,-0.1064200775334067,9.54810452653482,-1.1413003644846629,0.0912613272666931,-0.0967812836170196,-0.0328644923865795,-1.903802253305912,-0.0724698060750961,-9.541857799887657,15008.0
85.3,13.300000190734863,189.0,21.905879974365234,14.519939422607422,-79.78231384278205,40.45807873991007,343.5632575683593,0.0210819896310567,0.0813459306955337,0.9691095352172852,0.2318729907274246,-0.0957295208419499,8.87575706417218,-1.383265424034536,-0.0471876747906208,0.0525147095322608,0.2925285100936889,-1.853768067508936,-0.3353587945550679,-9.365162544250488,15008.0
85.5,13.100000381469728,189.0,21.791942596435547,18.082334518432614,-79.7823229843535,40.458064437783776,343.56924664306644,0.0275063551962375,0.0965037122368812,0.9682008028030396,0.2291671931743621,-0.0706526530364459,8.229022831918394,-1.5770333440889943,-0.1580777466297149,0.3543933629989624,-0.2448673546314239,-1.7279558672010902,0.0394121338427066,-9.692941666245463,15008.0
85.6,12.600000381469728,186.0,21.801958084106445,15.800174713134766,-79.78232718036817,40.45805789329491,343.5726417236328,0.0302104745060205,0.1074631214141845,0.9672479033470154,0.2279703170061111,-0.053253517888467,7.868502437510939,-1.7220614656817332,0.1227777898311615,0.1772664040327072,0.0821985453367233,-1.1900759080052377,-0.3617844086140394,-9.972423956394197,15008.0
85.7,12.300000190734863,187.0,21.619159698486328,19.89533805847168,-79.7823312836458,40.458051519197866,343.5584357910156,0.0329844579100608,0.1155122369527816,0.9663774371147156,0.2273405641317368,-0.0656640136468341,7.491009110587152,-1.8710527697520631,0.0108559178188443,-0.0207332912832498,-0.5492221713066101,-1.4754747033119202,0.1426228904910385,-9.880917370319368,15008.0
85.9,11.699999809265137,187.0,21.58785820007324,21.326658248901367,-79.7823388575022,40.45803975061936,343.54307781982425,0.0312440805137157,0.1272275447845459,0.9649439454078674,0.2274206280708313,-0.0548946412857762,6.719478067692831,-1.93383396144182,0.2569052577018738,0.0257266629487276,0.4850494563579559,-1.2725361205637455,-0.2581831127777696,-10.332357501983642,15008.0
86.0,11.399999618530272,187.0,21.75813674926757,16.293184280395508,-79.78234240098436,40.45803424902464,343.52501904296884,0.0285933054983615,0.1314357817173004,0.9642562866210938,0.2282912135124206,-0.0420777724830815,6.345190998889628,-1.887469190231463,-0.0386744365096092,-0.0648456215858459,-0.222655102610588,-1.3213840524852276,-0.1459253796190023,-10.367907403707504,15008.0
86.2,10.699999809265137,189.0,21.736852645874023,18.35269355773925,-79.78234887971594,40.45802432170842,343.49869000244144,0.0294625852257013,0.1216755956411361,0.964544951915741,0.2323363423347473,-0.0607845371343616,5.670263857251266,-1.7549160837152655,0.1259550601243972,-0.3740216493606568,0.6160451173782349,-0.823570311293006,-0.1924610301107168,-10.058927664756776,15008.0
86.4,10.399999618530272,187.0,21.795698165893555,15.696802139282228,-79.78235466629263,40.45801532385212,343.47092663574216,0.0353227294981479,0.0992329195141792,0.9657831788063048,0.2369978278875351,-0.1414479093619784,5.123384602436024,-1.5299483067085775,-0.3999892175197601,-0.1019224524497985,0.0595818907022476,-0.8271100694686174,-0.2465680391527713,-9.890295134782791,15008.0
86.5,9.699999809265137,188.0,21.67800521850586,18.93317413330078,-79.78235733722791,40.45801111929646,343.43517529296884,0.0391919426620006,0.0944245681166648,0.9659222960472108,0.2377859950065613,-0.1624266900948703,4.841550181066876,-1.4312086195211604,0.2134899199008941,0.0820542201399803,-0.0551019050180912,-0.8617706096917391,0.0676475616451352,-9.698317596316338,15008.0
86.6,9.399999618530272,188.0,21.62541961669922,20.762081146240234,-79.78235986748345,40.45800720571231,343.4277747802735,0.0350544080138206,0.1021118089556694,0.9655117988586426,0.2369206696748733,-0.1975053712662958,4.591623854687572,-1.3455071912560277,0.071216270327568,0.2156027555465698,-0.1759029775857925,-0.8027211868017913,0.3103928282484412,-9.811996239423753,15008.0
86.81,8.800000190734863,188.0,21.47892951965332,23.10785484313965,-79.78236437921791,40.45799996708288,343.3413489990235,0.0317257717251777,0.1350099593400955,0.9614094495773317,0.2376084327697754,-0.1789510459348081,3.885493004733698,-1.4210400172907702,0.0154783837497234,0.5116756558418274,-0.1826232522726059,-0.7773403970897198,0.1193339969962835,-10.27128801226616,15008.0
87.0,8.399999618530272,189.0,21.57533836364746,21.533403396606445,-79.78236827858193,40.45799388478184,343.28913342285165,0.0362434387207031,0.1510156393051147,0.9587870836257936,0.2379244565963745,-0.1807775116426866,3.1565839936505697,-1.3855416935248657,-0.0341910645365715,0.0103866001591086,0.1510059833526611,-0.475353197157383,0.0551379645243287,-10.48309404373169,15008.0
87.1,7.800000190734862,190.0,21.70429992675781,16.881616592407227,-79.78236987031326,40.45799121251587,343.2559379272461,0.0330438390374183,0.1481385231018066,0.9593515992164612,0.2379235923290253,-0.1714432702721068,2.8322809724235976,-1.319024424932747,0.0555994398891925,-0.0766733586788177,-0.1245285868644714,-0.3421535880491138,-0.0776373742707073,-10.382043632268909,15008.0
87.2,7.5,189.0,21.57909393310547,22.55918312072754,-79.78237130917688,40.45798880483817,343.21536480712894,0.0295129436999559,0.1428851336240768,0.960363268852234,0.2375189065933227,-0.1707266907191541,2.517709992843763,-1.2463530604171036,-0.0797527059912681,-0.1001778542995452,-0.1462876945734024,-0.3971086809039116,-0.1063255318813026,-10.003795437812803,15008.0
87.4,6.9000000953674325,189.0,21.477678298950195,23.1873722076416,-79.78237366794535,40.45798477088045,343.1291145019532,0.0409222654998302,0.1415777206420898,0.9606690406799316,0.2353639602661133,-0.1528555458894872,1.9018881185302727,-1.100722218761078,0.0156216965988278,0.184452787041664,-0.0798268318176269,-0.2851504713669419,-0.1109011060371995,-9.871801561117172,15008.0
87.5,6.599999904632568,187.0,21.536523818969727,22.72616958618164,-79.78237456356409,40.45798314274536,343.07688366699216,0.0483974665403366,0.1521987468004226,0.9593910574913024,0.2325127422809601,-0.1581447119801206,1.5400060494937924,-1.0190866874394255,0.067839004099369,0.4152247011661529,-0.1310364007949829,-0.4323568663001061,0.5211600287631154,-10.095277465581896,15008.0
87.7,6.0,187.0,21.34621238708496,26.79747772216797,-79.78237582810722,40.45798088285508,342.9726203613281,0.0243729427456855,0.169136181473732,0.9598747491836548,0.2223496437072754,-0.0886437903696958,0.8477732640710679,-0.896273235140035,0.1737914532423019,-0.0246606115251779,-0.1831212639808654,-0.1373164052423089,0.2277094165049493,-10.23750163078308,15007.0
87.91,5.599999904632568,187.0,21.00189781188965,32.60227203369141,-79.78237644537985,40.457979691898686,342.8663810424805,0.0308722238987684,0.1565806269645691,0.9620450139045716,0.2213569730520248,-0.0467539589533675,0.2090144007320588,-0.6105236832605597,-0.2342154681682587,0.0064850016497075,0.0343306884169578,-0.1442600012384355,-0.1087667535524815,-10.61731220126152,15007.0
88.0,5.0,189.0,21.228519439697266,28.29241180419922,-79.78237656537134,40.45797939453747,342.8164466552735,0.0293432716280221,0.1087242290377616,0.9678460359573364,0.2249267697334289,-0.0362584770628052,0.0814240264352407,-0.548410348547914,-0.1273920834064483,-1.6378151178359983,0.1912451088428497,0.670394384264946,0.0362441352428868,-10.174020749330523,15007.0
88.12,4.800000190734863,187.0,21.40005111694336,23.38616752624512,-79.78237616109712,40.45797967217995,342.72207867431644,0.0123247355222702,0.007345407269895,0.9683351516723632,0.2492416203022003,-0.0315657927967565,0.000362286083369,-0.4712201746964861,-0.0645254701375961,-1.8341288566589355,0.7563448548316956,-0.3668022698163986,0.3383537749573588,-10.556432161331175,15007.0
88.31,4.199999809265137,186.0,21.336196899414062,26.86904335021973,-79.78237617090153,40.45797964133079,342.662760131836,-0.0211809109896421,-0.0473394095897674,0.9386013150215148,0.3410834074020386,0.0126565510019472,0.0358890362530244,-0.1309378240668347,0.2794046700000763,0.1991638839244842,1.1604346036911009,-0.9831107863783836,0.2048263380490244,-11.27086017251015,15007.0
88.5,3.900000095367432,184.0,21.468914031982425,21.85942649841309,-79.78237585707069,40.45797994315792,342.63549267578134,-0.0167399793863296,-0.0040251053869724,0.8864400386810303,0.4625232219696045,0.0467916307675098,0.090017717883351,0.0780825609759799,-0.0554571039974689,0.3643561005592346,1.353939175605774,-0.1042922357283532,0.0988818436302244,-10.802397626638411,15007.0
88.6,3.400000095367432,217.0,21.447628021240234,24.714113235473643,-79.78237559334124,40.457980230144464,342.6285499267578,-0.0073664947412908,0.0048212795518338,0.8498674631118774,0.5269229412078857,0.0657767121541083,0.0912858168204881,0.1081068957352814,-0.248377412557602,0.147093191742897,1.423323392868042,-0.0630485940584913,0.2066845283657312,-10.304275664091112,15007.0
88.81,3.2000000476837163,229.0,21.481433868408203,23.083999633789062,-79.7823758523034,40.45798030819493,342.6577933959961,0.0063432892784476,0.0053093796595931,0.7582611441612244,0.6518985629081726,0.0910422977462808,0.0778616098975263,0.1910517958562717,-0.158018946647644,-0.0201397445052862,1.5729395151138306,-0.0249053859547711,0.3220150098949671,-10.277258019447329,15007.0
88.9,2.799999952316284,224.0,21.451385498046875,23.354360580444336,-79.78237533581823,40.457980855784776,342.6383536987305,0.0086193745955824,0.0039056006353348,0.7043830752372742,0.7097570300102234,0.1368074005986763,0.0331237116236753,0.1877597705302457,-0.0527482144534587,-0.0686797648668289,1.6800769567489624,-0.1464188298024237,0.0379090339690446,-10.192609047889713,15007.0
89.0,2.5999999046325684,222.0,21.48393821716309,23.664478302001957,-79.78237537503584,40.45798097608965,342.6590140991211,0.0103643396869301,0.0032138777896761,0.6459069848060608,0.7633389830589294,0.1475125831475639,0.0205716689297012,0.2228983624426199,0.0193980112671852,0.0177081432193517,1.6165564060211182,-0.1793927406705916,0.2024628752097488,-10.137037110328675,15007.0
89.2,2.400000095367432,264.0,21.49145126342773,22.59894180297852,-79.7823743165651,40.457982088720776,342.6156486206055,0.0181438811123371,0.0027988236397504,0.5179548859596252,0.8552110195159912,0.2210288545117117,-0.0248486761702341,0.2014695129633692,0.0173784289509058,0.0279796198010444,1.612571120262146,-0.0755898620747029,0.0618798407167196,-10.032461997270584,15007.0
89.4,2.299999952316284,295.0,21.49896240234375,22.50352096557617,-79.7823741865893,40.45798225430315,342.6367133789064,0.0216769184917211,0.0029251102823764,0.4494350552558899,0.8930453062057495,0.2326784540514349,-0.0289380088037173,0.2111305936253092,0.0723467022180557,0.07475446164608,1.618592381477356,0.0388051380403339,0.0593016114737838,-9.922867634296418,15007.0
89.5,2.0999999046325684,286.0,21.490198135375977,21.77195739746093,-79.78237253810035,40.45798398007001,342.52469097900394,0.023613492026925,0.0006379619590006,0.3102369904518127,0.9503657817840576,0.3225416440778159,-0.0071692419125094,0.0991705758486364,0.044272843748331,-0.0292724352329969,1.420764446258545,0.048987301220186,0.0508038986474275,-9.755456587672231,15007.0
89.7,2.0,280.0,21.448881149291992,22.654603958129893,-79.78237073107691,40.4579859353849,342.4264014892578,0.0259989444166421,-0.002189194317907,0.2033709287643432,0.9787541031837464,0.376101516363604,0.073406368809994,-0.0142441650871998,-0.1419197171926498,-0.0374491401016712,0.8659207820892334,0.0071762146800756,0.1367984789796173,-9.583825605511668,15007.0
89.8,1.8999999761581416,314.0,21.11458396911621,38.57405471801758,-79.78237037083255,40.45798614157274,342.4250739746093,0.0276963170617818,-0.0034915683791041,0.1692710518836975,0.9851741790771484,0.3688433079051579,0.0695455874718524,-0.0295141934151074,-0.0234642680734396,0.1065223664045334,0.5877327919006348,0.2370863587036729,0.1186982858832925,-9.665950334072113,15007.0
89.9,1.8999999761581416,320.0,21.215999603271484,28.66614532470703,-79.78236965236769,40.4579875310906,342.39871441650394,0.0036460103001445,0.013252705335617,0.147431194782257,0.9889768362045288,0.4515372202998265,0.2348141213786737,-0.0028544486745121,0.7019902467727661,-0.9303343892097472,0.2399753183126449,0.7083935384452343,0.7263762847334146,-10.223460127115253,15007.0
90.1,1.7999999523162842,310.0,21.289871215820312,27.05988693237305,-79.78236808717119,40.45798859040556,342.4259513549805,-0.1000239923596382,0.0410866774618625,0.1337215155363083,0.985101878643036,0.5424186981546057,0.4274785386506637,0.3340337814301846,-0.3450832664966583,-0.5933642983436584,0.0003667986602522,-0.1775340387225151,-0.5168819499760866,-10.8357279253006,15007.0
90.3,1.7999999523162842,304.0,21.47892951965332,22.400146484375,-79.78236757181041,40.457989203747424,342.45421826171884,-0.1079185679554939,0.0114055359736084,0.1385756582021713,0.9843883514404296,0.5817448515235509,0.5648394417625058,0.5026350928517719,-0.81086665391922,-0.0529746152460575,-0.0288618244230747,-0.3277902317047119,-0.2121803629025817,-10.800838758945464,15007.0
90.4,1.600000023841858,278.0,21.43635940551757,25.10375022888184,-79.78236595174522,40.45799114545844,342.4746268920899,-0.0800259187817573,-0.0537762679159641,0.1565117388963699,0.9829588532447816,0.6998559023983585,0.9234273811755398,0.4849343098903936,-0.4494549334049225,0.1985232681035995,-0.1184644997119903,0.1455890642199665,0.4302582640573383,-10.010577038526538,15007.0
90.6,1.600000023841858,286.0,21.437612533569336,22.86134910583496,-79.78236443984329,40.45799369790048,342.52060925292966,-0.0727279856801033,-0.0641252025961875,0.1695976555347442,0.980731964111328,0.6793007471522636,1.2779091204619533,0.433050481580616,-0.0157473087310791,-0.0618022382259368,-0.0871846452355384,0.3137971868366003,0.4323747733980417,-9.970199675559998,15007.0
90.7,1.5,282.0,21.45889663696289,23.71219062805176,-79.78236431040719,40.457995093258354,342.5491660766602,-0.0804103836417198,-0.0583246424794197,0.1728868335485458,0.9799196720123292,0.6274131049165008,1.459688846691345,0.4650664556564323,0.1315211802721023,-0.1846058368682861,-0.0896239653229713,0.1991111232899129,0.1549522015079856,-9.874415266513823,15007.0
90.91,1.5,282.0,21.48018264770508,22.04231643676757,-79.78236433599758,40.45799662809021,342.5761817626953,-0.0882243141531944,-0.0523659028112888,0.1740058362483978,0.9793857336044312,0.5703202398111004,1.6369348371606236,0.5178124378669193,0.1983409374952316,-0.1731306165456772,-0.0231704972684383,0.1082382109388709,0.0796065611857921,-9.907867187261582,15007.0
91.0,1.600000023841858,287.0,21.43635940551757,23.306650161743164,-79.78236369628277,40.45800043538557,342.63994824218764,-0.0943524464964866,-0.046184416860342,0.1716350317001342,0.9795438647270204,0.5144710578847208,1.9864752392019789,0.6529987014101906,0.1320572793483734,0.0023522430565208,0.0689864978194236,0.1624421375803649,0.0521854677982628,-9.982968825101851,15007.0
91.2,1.600000023841858,287.0,21.368749618530277,24.06206703186035,-79.78236355681739,40.45800465574371,342.7380622558593,-0.0979818105697631,-0.0446453317999839,0.166486844420433,0.9801471829414368,0.4426004250007324,2.3464401439423,0.7494764708898323,-0.1306285709142685,-0.0044207591563463,-0.0885972678661346,0.0014048620825633,0.4237592665851117,-9.87366799235344,15007.0
91.3,1.8999999761581416,294.0,21.490198135375977,22.0661735534668,-79.78236411332969,40.45800694256687,342.7660163574218,-0.1004203483462333,-0.0442533753812313,0.1639260500669479,0.9803497791290284,0.4125988433332778,2.539253292084899,0.7965110564627563,0.0479226931929588,-0.0541236773133277,0.0615474544465541,0.0219845464196987,0.0751907347887754,-9.942286237478257,15007.0
91.4,2.0,300.0,21.43260383605957,23.473636627197266,-79.78236403813263,40.45800957910553,342.84708630371085,-0.1027333959937095,-0.0454846285283565,0.1615365296602249,0.980450451374054,0.3835707056521265,2.69312986283504,0.8717775856534391,-0.0226007364690303,0.0158372893929481,0.0909802466630935,-0.0663719915505498,0.1924967346712947,-9.840749337673188,15007.0
91.6,2.299999952316284,310.0,21.42509078979492,24.12568283081055,-79.7823652892734,40.45801534116613,342.93898999023435,-0.1076427325606346,-0.0500411242246627,0.1572993993759155,0.980390727519989,0.3127836260042897,3.071442906077225,0.9849214659264174,0.0600374899804592,0.0323009267449379,0.0980302095413208,-0.0742106820596382,0.1210452577471733,-9.845528851747511,15007.0
91.7,2.400000095367432,318.0,21.46265411376953,23.29074668884277,-79.78236625316316,40.45801824627801,342.96744000244144,-0.1108725741505622,-0.0509091652929782,0.155215710401535,0.9803181886672974,0.2466580152856466,3.2753913732624467,1.0290771265496617,-0.1520911306142807,-0.0821038261055946,-0.0159625131636858,-0.3061361831612885,0.4114882632717489,-9.790191972255707,15007.0
91.9,2.799999952316284,331.0,21.437612533569336,23.61676788330078,-79.78236815742109,40.458024985893005,343.0636237792968,-0.1205661669373512,-0.0522669032216072,0.1511775702238083,0.9797333478927612,0.1639684646816874,3.6462577839088697,1.1689134957482392,-0.0454308353364467,-0.0506590157747268,0.0119702629745006,-0.3620646364241839,0.3417568179219961,-9.790883697867391,15008.0
92.1,3.0,337.0,21.4426212310791,22.455808639526367,-79.78237072023809,40.45803231006187,343.1562293701172,-0.1249862760305404,-0.0549924150109291,0.1508000791072845,0.9790881872177124,0.0557991370494673,4.0076393207383205,1.335174879283477,-0.016077360138297,-0.0356321297585964,-0.0931956693530082,-0.4294733119010925,0.3972409741580487,-9.822985496520996,15008.0
92.2,3.5,345.0,21.48018264770508,22.956771850585927,-79.78237227104279,40.45803601333578,343.18077313232425,-0.1265582144260406,-0.053498774766922,0.1516595184803009,0.9788362979888916,0.0168564654184041,4.207107889007162,1.373311343108978,0.0384236760437488,-0.1144544035196304,0.1533344835042953,-0.6151748876273633,0.1517280102521181,-9.624755530357364,15008.0
92.3,3.700000047683716,346.0,21.44512367248535,23.942790985107425,-79.7823739357675,40.45803988116148,343.2003806762696,-0.1307998150587082,-0.0498052947223186,0.1523461937904358,0.9783667922019958,-0.0039314969787562,4.412663124743854,1.38465022092895,0.1512791514396667,-0.1115377694368362,0.0418946407735347,-0.5679334051162005,0.064824571609497,-9.450222575068477,15008.0
92.5,4.199999809265137,349.0,21.415075302124023,25.175315856933597,-79.7823774010393,40.458048591138045,343.2730048828125,-0.1437411457300186,-0.0438507758080959,0.1531929969787597,0.9767023921012878,-0.069718689834324,4.800898913850336,1.522037823838596,-0.0219944287091493,-0.164415642619133,-0.0987651422619819,-0.7298914846032858,0.3873359370231629,-9.421050231456755,15008.0
92.71,4.400000095367432,351.0,21.368749618530277,25.318449020385746,-79.78238130854365,40.458058051594406,343.319872253418,-0.1463297605514526,-0.0429814234375953,0.1542223840951919,0.9761945009231568,-0.0882100264970251,5.205026698467225,1.7271424001649076,0.0406138263642787,-0.049893531948328,0.1644559204578399,-0.7979603107273578,0.16126010466367,-9.831288542747496,15008.0
92.8,4.900000095367432,350.0,21.388782501220703,25.159412384033203,-79.78238347612628,40.45806281521389,343.32766186523435,-0.1443209499120712,-0.0450333021581172,0.1552638709545135,0.9762359857559204,-0.0852027216330257,5.422039055077542,1.7785081251286736,-0.0021001789718866,-0.0437664091587066,0.1614438742399215,-0.7892064441740513,0.0754673994518816,-9.834490478038786,15008.0
93.0,5.099999904632568,352.0,21.36749649047852,25.914831161499023,-79.78238794513511,40.458073289639024,343.3927787475586,-0.1420044302940368,-0.0472429655492305,0.1568566262722015,0.9762166738510132,-0.0680318221826287,5.844308609634421,1.8667637758239093,0.0814613327383995,-0.0015793782658874,-0.0506356693804264,-0.7024406343698502,0.26098427625373,-9.674078548550606,15008.0
93.1,5.5,354.0,21.34370803833008,26.51916694641113,-79.7823902423787,40.4580790428365,343.4291938476564,-0.1433988660573959,-0.0479334592819213,0.1573345363140106,0.9759021997451782,-0.0904550682498063,6.034274992764077,1.937772645757205,-0.0787556990981102,0.0288063306361436,-0.1036058887839317,-0.7939572338014842,0.3918868980556727,-9.75191317498684,15008.0
93.2,5.699999809265138,355.0,21.40756225585937,24.348331451416016,-79.782392773174,40.4580845086352,343.43694531250014,-0.1444631814956665,-0.0484416745603084,0.1577491015195846,0.9756531715393066,-0.0747949126933999,6.229687063440681,2.0063510221400973,0.0748120695352554,0.073157899081707,0.0266537796705961,-0.8882800582051278,0.20326573446393,-9.78764901816845,15008.0
93.41,6.099999904632568,355.0,21.332439422607425,27.012176513671875,-79.78239802095825,40.45809650655561,343.46525036621085,-0.1493286937475204,-0.0578242056071758,0.1585524827241897,0.974278450012207,-0.1181890816459322,6.621007161540687,2.147657515774944,-0.0961980372667312,-0.1378165334463119,-0.1404059082269668,-1.0788961455971002,0.4624206179380417,-9.646204286813736,15008.0
93.61,6.300000190734862,356.0,21.33995246887207,25.994348526000977,-79.78240365142905,40.45810912743677,343.48199688720706,-0.1559876352548599,-0.0561822392046451,0.1586803644895553,0.9733098745346068,-0.1168196304051059,6.986933877738899,2.371631713310084,0.0961615443229675,-0.0257145687937736,-0.0426466464996337,-1.307852718383074,0.2996051356382668,-9.725089657902716,15008.0
93.7,6.599999904632568,356.0,21.36749649047852,25.024232864379893,-79.78240668616165,40.45811545412641,343.4823096923828,-0.1549000144004821,-0.0511758141219616,0.1585328727960586,0.9737835526466372,-0.1445817671860418,7.179173838152205,2.4396543878312014,0.0236528571695089,0.0180099178105592,0.0044384920038282,-1.0211682665348054,0.2608177219703794,-9.718747183084488,15008.0
93.9,6.800000190734862,357.0,21.312406539916992,26.10567283630371,-79.7824129244155,40.45812906966985,343.4868339233399,-0.1535326242446899,-0.0537050440907478,0.1581734418869018,0.9739223718643188,-0.1977710916575601,7.589930511152719,2.4774439188534494,-0.0117780193686485,-0.0281258095055818,0.313833475112915,-1.057736460864544,0.2565235450677574,-9.62352293729782,15008.0
94.0,7.099999904632568,356.0,21.351221084594727,25.30254554748535,-79.7824162388884,40.4581358939998,343.48064648437514,-0.1542554348707199,-0.0516243204474449,0.1580969542264938,0.9739330410957336,-0.2005018132236647,7.7748637965641825,2.53582374816914,0.0503730289638042,0.1060664802789688,0.0760042592883109,-1.1452478637546302,0.4825813789665699,-9.8784334731102,15008.0
94.11,7.300000190734862,358.0,21.25105667114257,27.84711265563965,-79.78241961565072,40.458143466610935,343.4851249389649,-0.1531784534454345,-0.0431478805840015,0.1578414589166641,0.9745567440986632,-0.2119257349882946,7.964841427433753,2.6174328720610367,0.1312024295330047,0.1415428668260574,-0.0562338642776012,-1.2129335510730743,0.3756354757770896,-9.88796911239624,15008.0
94.3,7.599999904632567,359.0,21.296131134033203,27.71193122863769,-79.78242663564829,40.45815795335128,343.4763206176758,-0.1523955762386322,-0.0339953936636447,0.1579221040010452,0.9750284552574158,-0.2698191199442766,8.341957944272997,2.687585820978436,-0.0849784836173057,-0.0390126630663871,0.079171635210514,-1.4907381288707258,0.0653799291886389,-10.05094855427742,15008.0
94.4,7.800000190734862,0.0,21.33369255065918,24.006404876708984,-79.78243015502426,40.45816587073104,343.472704284668,-0.1537947505712509,-0.0426558889448642,0.1586469262838363,0.9743505120277404,-0.2583205912375598,8.510294285024745,2.782297833232772,-0.1762077957391739,-0.0697721540927887,0.2174410074949264,-1.259351526349783,-0.0331138785928487,-10.318768572807311,15008.0
94.6,8.100000381469728,359.0,21.077022552490234,32.435287475585945,-79.7824375255967,40.45818184482711,343.4511512451172,-0.1590358614921569,-0.0556715242564678,0.1599431931972503,0.9726389646530152,-0.1993640737305559,8.841037608733243,2.977953216940631,-0.0287594255059957,-0.0896077156066894,-0.0866730064153671,-1.7279761862754823,0.3714580421894789,-9.700071761012078,15008.0
94.8,8.300000190734862,0.0,21.332439422607425,25.15146064758301,-79.78244538351095,40.458197934899545,343.45006024169925,-0.1687947660684585,-0.0580345727503299,0.1580898612737655,0.9711580872535706,-0.2233683834794072,9.149791594560853,3.2871705786827885,0.0219026654958724,-0.0334772430360317,-0.0622617602348327,-1.5203358574211598,0.3131588536128402,-9.815364235639572,15008.0
94.9,8.600000381469728,1.0,21.294878005981445,26.65434646606445,-79.78244935924137,40.45820670382619,343.4224876098633,-0.1744312345981598,-0.0556259155273437,0.1558947414159774,0.9706577062606812,-0.2685159791188707,9.327091622657338,3.396053150070708,0.0930664762854576,-0.1351990401744842,0.2002215981483459,-1.587142781317234,0.0940363839268684,-9.55086543560028,15008.0
95.1,8.699999809265138,1.0,21.408815383911133,24.26086235046387,-79.78245353902031,40.45821515278722,343.4139197998046,-0.1806454807519912,-0.0530467629432678,0.1531367897987365,0.9701043963432312,-0.3415069328868805,9.489957539675649,3.522928194255849,0.0784718841314315,-0.0627525597810745,-0.0364196859300136,-1.4166369496285915,0.4367504641413689,-9.501082826256752,15008.0
95.2,8.899999618530273,1.0,21.22476387023925,29.69192314147949,-79.78246198859429,40.45823309827545,343.37347637939456,-0.1823506206274033,-0.0606471039354801,0.1507894247770309,0.9697075486183168,-0.4700058678852655,9.841524694323349,3.74777439330734,-0.1127643883228302,0.0574162043631076,0.0041592651978135,-1.4916668128967283,0.2291311852633953,-9.394616723656656,15008.0
95.41,9.100000381469728,3.0,21.17092514038086,29.62035751342773,-79.78247085834094,40.45825173598049,343.3387550048828,-0.1866074055433273,-0.0598781518638134,0.1514792740345001,0.9688376188278198,-0.4815468303891574,10.23263935340422,3.97884237325014,0.1724035888910293,-0.1652340590953827,-0.0589449554681778,-1.5780144006013872,0.0854640734195709,-9.72623220384121,15008.0
95.5,9.399999618530272,4.0,21.1020622253418,29.06373405456543,-79.782475533647,40.4582610731089,343.3214820556641,-0.1874217540025711,-0.0568763799965381,0.1527745276689529,0.9686579704284668,-0.5037484117639689,10.407374617178302,4.142042387117268,-0.0060890316963195,-0.0468175970017909,0.032092735171318,-1.814737464487553,0.3500876749679446,-10.051242084503174,15008.0
95.6,9.5,4.0,21.067005157470703,31.711673736572266,-79.78248018947919,40.45827097067525,343.29778515625014,-0.1828580796718597,-0.0531091392040252,0.1539640426635742,0.9695553779602052,-0.4846191918321701,10.565270231852342,4.259515302786125,0.0791710019111633,0.1722881197929382,-0.0755676329135894,-1.6792282417416573,0.4507910176366568,-10.257563427686694,15008.0
95.8,9.800000190734863,3.0,21.302391052246094,26.670249938964844,-79.7824899417795,40.45829045683536,343.28588330078134,-0.1553588211536407,-0.0411612391471862,0.1551808714866638,0.9747247099876404,-0.4808598072273735,11.010862328673683,4.051242336001192,0.0689771175384521,0.2226562649011612,-0.2333219647407532,-1.8869244115054609,0.481125202998519,-10.14795503139496,15008.0
95.9,10.0,2.0,21.249805450439453,27.5369930267334,-79.78249455324449,40.45830101769313,343.2616752319336,-0.1452236026525497,-0.0387612394988536,0.1543374806642532,0.9765180945396424,-0.4514335933943103,11.266464741918018,3.749906984815357,0.0413379110395908,0.2563796639442444,0.2036767154932022,-1.8678089864552017,0.3358664790540934,-9.997106223106384,15008.0
96.1,10.300000190734863,2.0,21.38001823425293,24.777727127075195,-79.78250448807313,40.45832194524441,343.21417462158206,-0.1371664702892303,-0.0423875451087951,0.1547209471464157,0.9774713516235352,-0.4753587153820542,11.613369604064896,3.4533408939210584,-0.0039022038690745,0.0145728783681988,-0.1269983053207397,-1.8434471471607683,0.3832949628308416,-9.906598341464996,15008.0
96.2,10.5,2.0,21.324928283691406,25.962541580200195,-79.78250950084406,40.458332202557365,343.21507489013675,-0.1373132318258285,-0.0449798330664634,0.1557504385709762,0.9771713018417358,-0.4516664608689093,11.680653353533971,3.4684060708515685,-0.0348265431821346,0.009106183424592,0.0358908511698246,-1.9596403853595257,0.5701553470641375,-9.926628563404083,15008.0
96.4,10.899999618530272,4.0,21.433856964111328,23.64857482910156,-79.78251971476085,40.45835367240811,343.1760352783204,-0.1338371634483337,-0.0443326570093631,0.1563358306884765,0.9775896072387696,-0.4160120569792744,11.837769321867142,3.4887149077253774,-0.1473521590232849,0.0683457925915718,0.2684377431869507,-2.351507183611393,0.1394779472798109,-9.367033653259275,15008.0
96.6,11.0,2.0,21.495206832885746,21.77195739746093,-79.78253000646075,40.45837531113913,343.1409476928711,-0.1135462373495102,-0.0456157214939594,0.1578379720449447,0.9798539876937866,-0.4087719010521006,12.021319867056937,3.1688617274651234,-0.1182152703404426,0.3223992586135864,-0.3134684562683105,-2.1380566227436058,0.7539394015073777,-9.51183936417103,15008.0
96.7,11.399999618530272,2.0,21.526508331298828,20.6507568359375,-79.78253514423781,40.45838580305004,343.1347831420899,-0.1041348204016685,-0.0474226437509059,0.1584210246801376,0.9807190895080566,-0.4083608546041904,12.0892413690452,2.9015218678363905,-0.0271727666258812,0.1656440794467926,0.1818196326494217,-2.1051721742749216,0.439481406211853,-9.395921237468723,15008.0
96.9,11.5,2.0,21.468914031982425,22.33653259277344,-79.7825456358261,40.458407314296366,343.117723815918,-0.095115453004837,-0.0456044189631938,0.1581446975469589,0.9817655086517334,-0.436545443871376,12.17465075638009,2.513731681624998,0.1553866416215896,0.1709010750055313,-0.1125738695263862,-2.112698856443167,0.362510998249054,-9.586767924427988,15008.0
97.0,11.699999809265137,8.0,21.48644256591797,21.764005661010746,-79.78255083229466,40.458417776697885,343.1097892456055,-0.0941504389047622,-0.044143758714199,0.157292753458023,0.9820622205734252,-0.4771012744074971,12.159214134321736,2.46806611522578,-0.0076927845366299,0.0218803025782108,0.230714201927185,-2.2336337479949,0.4664340005815029,-9.864602469205854,15008.0
97.2,11.800000190734863,8.0,21.493953704833984,22.972675323486328,-79.78256146991458,40.45843964940848,343.1005881958008,-0.0978061407804489,-0.0434969887137413,0.1563581526279449,0.9818829894065856,-0.5498849060869666,12.194238101933976,2.4287607371330164,-0.0323301777243614,-0.2238193750381469,-0.2204299122095108,-2.1742884559929374,0.5959442358836532,-9.156622767448424,15008.0
97.31,12.0,8.0,21.526508331298828,20.73822593688965,-79.78256671149241,40.45845012328396,343.0906165771485,-0.1013050228357315,-0.0430267564952373,0.156638503074646,0.9815041422843932,-0.5484309829217314,12.186670236303826,2.478753233461713,-0.0385329946875572,-0.0023863543756306,-0.1779222786426544,-2.1474723941087723,0.5326393921673298,-9.323552003502844,15008.0
97.4,12.100000381469728,8.0,21.617908477783203,18.29703140258789,-79.78257200883836,40.45846140404717,343.0816367797852,-0.0978761687874794,-0.0381703376770019,0.1575847417116165,0.981901466846466,-0.5339713126076178,12.192287376241444,2.612407884509225,0.1027667373418808,0.2405321300029754,0.2114046961069107,-1.969820680171252,0.3227017653733492,-9.78579778969288,15008.0
97.6,12.199999809265137,6.0,21.60538673400879,19.6965446472168,-79.78258258958823,40.45848311735897,343.0639213256836,-0.0894385203719139,-0.0267697926610708,0.1606406718492508,0.98258775472641,-0.4929181426822123,12.236080304999374,2.412580098295237,-0.0894690975546836,0.1880972236394882,-0.2417373657226562,-2.035288591682911,0.7276203529536724,-9.599152911901475,15008.0
97.7,12.100000381469728,4.0,21.680509567260746,16.881616592407227,-79.78258780607038,40.45849361328919,343.06225048828134,-0.0755486860871315,-0.0267387144267559,0.1626159399747848,0.9834294319152832,-0.4329124601611562,12.22563634437622,2.3069588780502714,0.0876278951764106,0.4521176218986511,-0.2171061187982559,-1.8392823216319083,0.5508466715365649,-9.80722374200821,15008.0
97.9,12.100000381469728,4.0,21.5064754486084,22.185449600219727,-79.78259823114162,40.45851522635839,343.0437949829102,-0.0284188278019428,-0.0239130705595016,0.1651027500629425,0.9855768084526062,-0.3449742405096731,12.218066268159973,1.4592069196980864,0.1774745136499405,0.5080999135971069,-0.033754639327526,-1.8322624468803408,0.315284426137805,-10.0008613049984,15008.0
98.11,12.100000381469728,4.0,21.67424964904785,17.295108795166016,-79.78260855027588,40.45853662482319,343.03302990722665,0.0175734739750623,-0.0136751346290111,0.1660371273756027,0.9858681559562684,-0.3067514463231363,12.030831934056735,0.3344339856692765,0.2091298252344131,0.2789845168590545,-0.2752619981765747,-1.7009490399062634,0.4855056446045638,-10.294135422706605,15008.0
98.2,11.899999618530272,7.0,21.662981033325195,16.627159118652347,-79.78261352068098,40.45854668721616,343.05021130371085,0.0335845947265625,-0.0122627662494778,0.1647622883319854,0.9856851100921632,-0.3268999438362786,11.84179781247573,-0.1504443821372854,-0.0740289986133575,0.2771738171577453,-0.3358543515205383,-1.2812348771095277,0.8522164054960013,-10.365873742103576,15008.0
98.3,11.800000190734863,15.0,21.791942596435547,13.589581489562988,-79.78261840858069,40.45855657217489,343.071825378418,0.0440435297787189,-0.0135864093899726,0.1627970039844513,0.9855825304985046,-0.3365809006793165,11.612879647007636,-0.483265047157939,0.1479545086622238,0.1861778497695922,-0.0410202592611312,-1.212139206826687,0.2284617704339325,-10.275930701494216,15008.0
98.5,11.600000381469728,15.0,21.64795684814453,17.000892639160153,-79.78262793461515,40.45857684804615,343.08299481201175,0.0469223149120807,-0.0127760767936706,0.1568479537963867,0.9864248037338256,-0.4714118090186056,11.19178473396484,-0.8203099887853657,-0.013376822695136,-0.0309155248105526,0.0295890755951404,-1.2961265659332275,0.6250733466446401,-9.747481570243837,15008.0
98.7,11.5,14.0,21.66172981262207,17.366674423217773,-79.78263715648829,40.458596420261,343.095377319336,0.0507962107658386,-0.0051736757159233,0.1521809697151184,0.9870330095291138,-0.5334555827365957,10.777854585186969,-0.8491037780207011,0.2639809548854828,0.1280193924903869,0.0039533167146146,-1.3203831553459169,0.3557857866212726,-9.787332099080086,15008.0
98.8,11.300000190734863,16.0,21.778169631958008,15.386682510375977,-79.78264160569718,40.4586054491726,343.10818707275394,0.0533297695219516,-0.0017123551806434,0.1503441035747528,0.9871928691864014,-0.5886283180391435,10.547979025822643,-0.904440850409954,-0.1450553387403488,0.2042614370584488,-0.0765809416770935,-1.09571865811944,0.8514749785512686,-9.99078889131546,15008.0
98.9,11.100000381469728,16.0,21.751876831054688,16.37270164489746,-79.78264607907975,40.45861504161393,343.11461865234384,0.0502139553427696,-0.0023100064136087,0.1489631980657577,0.9875643253326416,-0.6072385317405381,10.37677792175565,-0.9872973129548464,-0.065188355743885,-0.2144432365894317,0.2460009455680847,-1.2619577765464782,0.2171911343559623,-9.659669255018237,15008.0
99.11,11.0,15.0,21.723079681396484,16.953182220458984,-79.78265470684201,40.45863294069101,343.13860546875014,0.0350438244640827,-0.0066990256309509,0.1481027603149414,0.9883281588554382,-0.6219565626539052,10.047742319489087,-0.7825220704249766,-0.2056138813495636,-0.1525160074234008,-0.0404182262718677,-1.3656482058763504,0.7439101110398769,-9.52236142873764,15008.0
99.2,10.899999618530272,14.0,21.74060821533203,15.56162166595459,-79.78265883161737,40.45864138619954,343.14151226806644,0.0247511509805917,-0.0095675932243466,0.1496990174055099,0.98837548494339,-0.592828904013412,9.883560411125536,-0.6616982515618173,-0.1313440203666687,-0.2528746426105499,-0.116188995540142,-1.142673188522458,0.4402976409718394,-9.351004680991172,15008.0
99.4,10.600000381469728,10.0,21.65046119689941,17.994863510131836,-79.78266698303406,40.45865816180706,343.14934765625014,-0.0036210531834512,-0.0155750028789043,0.1557739675045013,0.9876633882522584,-0.4736754352553381,9.633428862303544,-0.3364669510178658,-0.0565938353538513,-0.2813786566257477,-0.0175084751099348,-1.0680765308439732,0.5837899210676551,-8.900022971034051,15008.0
99.6,10.5,5.0,21.656721115112305,18.94907760620117,-79.78267480530616,40.458674507192406,343.12443005371085,-0.0277179516851902,-0.0221094731241464,0.1602155715227127,0.986445128917694,-0.3229577869379906,9.430933283570836,0.05550558327561,-0.0407635830342769,-0.2758865654468536,-0.2609336972236633,-1.5637132805585865,0.6320518523454667,-8.786281762719153,15008.0
99.7,10.199999809265137,4.0,21.70179557800293,16.643062591552734,-79.78267861733002,40.45868245399568,343.08763348388675,-0.0353133901953697,-0.0230025295168161,0.1610430479049682,0.9860472083091736,-0.2697414177203174,9.373103472464896,0.1801111305247769,0.0158956907689571,-0.083824872970581,-0.0812595337629318,-1.233008650392294,0.7297538557648661,-8.86510515332222,15008.0
99.8,10.100000381469728,4.0,21.57283401489257,20.58714294433593,-79.7826823909121,40.45869035686122,343.0418418579102,-0.0443949550390243,-0.0253974832594394,0.1605703681707382,0.9856983423233032,-0.2427299519590019,9.327926353736618,0.2193531277230051,-0.0662420019507408,-0.3606211543083191,-0.0424156486988067,-1.4156240656971932,0.52896887563169,-8.641936227679253,15008.0
100.0,9.899999618530272,3.0,21.44011688232422,24.12568283081055,-79.7826899049414,40.45870621279949,342.9463447265625,-0.0708096548914909,-0.0331348925828933,0.1583858728408813,0.9842774868011476,-0.2274234134188887,9.289496493621291,0.5233662199257166,0.1434512287378311,-0.292601466178894,0.0297709945589304,-1.2486277328431608,0.2202091929875314,-9.078752472996714,15007.0
100.1,9.800000190734863,2.0,21.468914031982425,22.241111755371094,-79.78269367144001,40.45871408345891,342.9095176391602,-0.086315631866455,-0.036714781075716,0.1562169194221496,0.983258843421936,-0.2710343030009942,9.291864703198533,0.804082514682443,-0.1438602805137634,-0.2918504476547241,-0.0062664221040904,-1.2080224746465684,0.6574313264340162,-9.349004348516464,15007.0
100.3,9.600000381469728,2.0,21.4138240814209,24.87314796447754,-79.7827011900005,40.45872996899245,342.78551708984384,-0.1182079762220382,-0.0423451848328113,0.1506185829639434,0.980585515499115,-0.3288102898045804,9.374473650122315,1.4394291759333349,0.0189743749797344,-0.4552143812179565,0.2001073360443115,-1.2882000803947449,0.1255791156738996,-9.797485204339027,15007.0
100.5,9.5,2.0,21.24855232238769,27.409765243530277,-79.78270888296015,40.4587460242651,342.7054923706055,-0.1517715454101562,-0.0419016815721988,0.1438796669244766,0.9769894480705258,-0.4057885683142413,9.502969167379003,2.1543465245665496,0.1010836064815521,-0.3498425781726837,0.1248246952891349,-1.4130008585751055,0.4580272393673658,-9.734217161536217,15007.0
100.6,9.399999618530272,359.0,21.14463233947754,30.391679763793945,-79.78271270219115,40.45875397933032,342.67361676025394,-0.1662090867757797,-0.0397378578782081,0.1406763941049575,0.9751951694488524,-0.4531411739299168,9.53949869299582,2.558134122845459,0.0340553894639015,-0.2064471393823624,-0.0007848366512916,-1.3276047590374946,0.6989236072450876,-9.961233555078508,15007.0
100.8,9.300000190734863,357.0,21.22225952148437,29.04783058166504,-79.78271663882765,40.4587624460176,342.6223395996093,-0.1745824962854385,-0.0437344796955585,0.1389846503734588,0.97380268573761,-0.4931458889022416,9.648312192304152,2.9252067119229865,-0.0570799820125103,-0.1766541451215744,0.0932881236076355,-1.4769492249190808,0.5255284470319748,-10.159298629760745,15007.0
100.9,9.300000190734863,357.0,21.269838333129886,27.15530776977539,-79.7827245899287,40.45877964207381,342.5239432983399,-0.1726285219192505,-0.0523235648870468,0.1370144039392471,0.9740065932273864,-0.4711978529209161,9.879256660750643,3.416022260381793,0.0948673412203788,0.4169116914272308,0.0674587115645408,-1.787818637788296,0.5817371463775635,-10.283991672992707,15007.0
101.1,9.300000190734863,357.0,21.41006660461425,24.69820976257324,-79.78273257478298,40.458797235029614,342.43724285888675,-0.0801071152091026,-0.0377937443554401,0.1399590522050857,0.9861875772476196,-0.5370837333727643,10.179126854499764,2.81684248324466,-0.1803155988454818,1.2174502611160278,-0.0700654909014701,-2.072982375025749,0.5978112883865834,-10.80698301315308,15007.0
101.2,9.399999618530272,357.0,21.3987979888916,24.6027889251709,-79.78273666089727,40.458806218328746,342.4206794433593,-0.0182729233056306,-0.0332505665719509,0.1436786949634552,0.9888968467712402,-0.5145688174159402,10.380123050676168,1.691053989551324,-0.057556752115488,1.221612811088562,-0.3492676317691803,-1.7373586285114289,0.8908181883394719,-10.690567288398745,15007.0
101.3,9.5,5.0,21.471418380737305,21.461837768554688,-79.78274072018998,40.4588151210439,342.41527020263675,0.028990788385272,-0.0281993318349123,0.1492408663034439,0.98797345161438,-0.4765247457857181,10.375170673455774,0.5159928537346583,-0.0657385513186454,0.8783848285675049,-0.2609597742557525,-1.3080095699429513,0.6910031881928445,-11.032912409305576,15007.0
101.5,9.600000381469728,5.0,21.537776947021484,20.13389205932617,-79.78274834039243,40.45883236776248,342.3473380737305,0.0679723992943763,-0.021915340796113,0.1616650819778442,0.984257996082306,-0.2777961772201604,9.87607785097432,-0.9220381513175018,-0.2597659528255462,-0.028012478724122,0.2546429336071014,-1.1130565296113493,0.2926830372959375,-10.664785745143892,15007.0
101.6,9.699999809265137,5.0,21.606639862060547,19.712448120117188,-79.7827521135866,40.45884087510676,342.2770637207032,0.0694763213396072,-0.033119760453701,0.1660903543233871,0.9831023812294006,-0.1810165447993656,9.593445406182962,-1.1243106474180036,-0.2596781551837921,-0.0336328335106372,-0.1789331585168838,-1.4040822467207912,0.7655024166405201,-10.400727825164797,15007.0
101.8,9.699999809265137,19.0,21.59537124633789,19.609073638916016,-79.78275955078287,40.45885680076912,342.29941784667966,0.0742764994502067,-0.0417173542082309,0.1704636812210083,0.9816744923591614,-0.0939882569756646,9.0612699055783,-0.9917095063628,0.0646653100848198,0.1748145520687103,0.1872400194406509,-1.4607112146914003,0.7609511632472277,-10.400780450105668,15007.0
102.01,9.800000190734863,25.0,21.58660697937012,18.87751197814941,-79.7827668297595,40.45887207098979,342.28262554931644,0.0908593237400055,-0.0357707887887954,0.1693313121795654,0.980709969997406,-0.1284628466669619,8.489730897065263,-1.0811848153944674,0.2478359043598175,0.2540435791015625,-0.0548691973090171,-1.4139200408756734,0.5991312607750297,-10.280483343601226,15007.0
102.11,9.699999809265137,24.0,21.57533836364746,19.10811233520508,-79.78277024758341,40.45887968774908,342.2045158081055,0.1011732444167137,-0.0314631089568138,0.1666176915168762,0.9803125858306884,-0.206057679078243,8.21247911145424,-1.2801922188118615,-0.1327501684427261,0.1906240880489349,0.2354081869125366,-1.1838201912492514,0.7024858041107654,-10.200395200252531,15007.0
102.3,9.600000381469728,24.0,21.606639862060547,18.615102767944336,-79.78277691944035,40.45889317437143,342.2177756958008,0.1153545528650283,-0.0223118178546428,0.1595577746629715,0.9801718592643738,-0.3300631706689637,7.527187186991915,-1.5218067722942363,0.1253537088632583,0.1491585820913314,0.103355087339878,-1.0152583394944668,0.7508669089525939,-9.848748328685762,15007.0
102.4,9.399999618530272,31.0,21.6279239654541,19.815820693969727,-79.78278011762933,40.45890005011308,342.1390479736328,0.1224063858389854,-0.0178781524300575,0.1555437296628952,0.9800527095794678,-0.3889179894379001,7.231763185467628,-1.6688947556874352,0.1473585218191146,0.2828293442726135,-0.0268507990986108,-0.8942136664688588,0.9695056311786177,-9.79255834043026,15007.0
102.61,9.199999809265137,37.0,21.662981033325195,17.994863510131836,-79.78278636159772,40.45891200095353,342.1497901611328,0.1354006081819534,-0.0041019939817488,0.1467438042163849,0.9798552393913268,-0.4998989061208956,6.549439043022598,-1.8544452021124205,0.0884231850504875,0.1108977496623992,0.0260438285768032,-0.6151939641684294,0.7798788926750422,-9.568402989506724,15007.0
102.7,8.800000190734863,36.0,21.68927383422852,17.756311416625977,-79.78278920372215,40.458917581331896,342.12697827148435,0.1371467411518097,0.0020541646517813,0.1422315090894699,0.9802839756011964,-0.534836309843726,6.153693902069366,-1.9567227627843569,0.1223544403910636,-0.0068043447099626,0.399063766002655,-0.9160505318641664,0.4144797718897462,-9.395428317189216,15007.0
102.8,8.5,34.0,21.59537124633789,19.163774490356445,-79.78279188941181,40.45892284081728,342.0942176513672,0.1605777889490127,0.009958648122847,0.1376848220825195,0.9773221015930176,-0.539545882787228,5.70920677454842,-1.9691587868408489,0.1437971889972686,0.9300513267517092,0.0606516264379024,-1.3892984390258791,0.6358773200958967,-9.540426401495932,15007.0
103.0,7.800000190734862,52.0,21.32868385314941,25.75579643249512,-79.78279709029908,40.45893220584894,342.0590766601564,0.2659887671470642,0.0305544380098581,0.1281270682811737,0.954934537410736,-0.5738876841336882,4.409448768998407,-2.65479268975992,0.0299995057284832,0.8969729542732239,-0.0402905195951461,-0.2232951889559626,0.6557797072827817,-10.028589971065523,15007.0
103.11,7.5,116.0,21.282358169555664,25.33435249328613,-79.78279920731931,40.45893579287488,342.02826153564456,0.2917797267436981,0.0317647606134414,0.1257242411375045,0.9476545453071594,-0.5729714448871285,3.5966386420985805,-2.8781986267867907,-0.1777853667736053,0.255389541387558,0.1243175417184829,0.0455038407677784,0.5636649376899004,-10.428470524549487,15007.0
103.3,6.800000190734862,111.0,21.07451820373535,33.64395523071289,-79.78280273454608,40.4589424750728,341.88511883544925,0.2807203531265259,0.0487352460622787,0.1284253597259521,0.9499094486236572,-0.4067288756415632,2.3172174449854563,-2.5841100710663567,0.5736129283905029,-0.3390169739723205,0.2559418380260467,-0.1710637108795344,0.9579202504456044,-10.53460099697113,15006.0
103.5,6.5,108.0,21.16716957092285,29.83505630493164,-79.78280501442116,40.45894656202461,341.74083935546884,0.2540094256401062,0.0634078606963157,0.1301292479038238,0.9563080072402954,-0.1018721038967621,1.3963552578619065,-1.8350455664682075,-0.2703382670879364,0.0004760100855492,0.0348557196557521,-0.2207090568356216,0.4960427657514811,-11.562574253082277,15006.0
103.6,5.800000190734862,122.0,21.00815963745117,33.858654022216804,-79.78280569422215,40.45894756900465,341.6811088256836,0.2518168091773987,0.0490673147141933,0.1273442208766937,0.9581044316291808,-0.0479428760816048,0.9753549150036704,-1.477235936964464,-0.3682506680488585,-0.2179822325706482,-0.1451135575771331,0.1068065019138157,0.6018589137867093,-11.592576316595078,15006.0
103.7,5.5,98.0,20.93804359436035,34.7572021484375,-79.78280619134729,40.45894870690898,341.606981628418,0.2349150329828262,0.0298590026795864,0.1281308680772781,0.96307110786438,0.0039662423305882,0.5984034218835707,-1.1342580504801676,-0.1624910980463028,-0.6236320734024048,-0.1717486083507537,0.5203762825950979,0.4644675819575787,-11.752377212047575,15006.0
103.9,4.900000095367432,87.0,20.97810935974121,32.45119094848633,-79.78280707900274,40.458949617427415,341.5494865112305,0.1427686065435409,0.0017876024357974,0.1412071287631988,0.9796298146247864,-0.0041138310915143,0.166973180223784,-0.4048639605719197,-0.0062555880285799,-1.1932381391525269,-0.1742288917303085,0.6512438028305769,0.5749563496559859,-12.163087978363038,15006.0
104.1,4.599999904632568,80.0,21.24730110168457,26.98832130432129,-79.78280673781204,40.45894890408557,341.3967307739258,0.037898551672697,-0.0136322909966111,0.1543317139148712,0.9871978759765624,0.0262686841486215,-0.066785620660432,-0.0303941302827182,-0.0145882219076156,-0.8529254198074341,0.0096914488822221,0.2939523947238922,0.5148913384974003,-11.570844554901123,15006.0
104.21,4.199999809265137,320.0,21.16716957092285,27.72783470153809,-79.78280666890012,40.45894884902813,341.3999580078125,0.0027302901726216,-0.0175761375576257,0.1583874225616455,0.9872168898582458,0.0590710622869866,-0.0668819290376575,0.1022789105731274,0.1822862327098846,-0.5780385732650757,-0.092266783118248,0.2908430647104979,0.41770856782794,-11.240239473581315,15006.0
104.4,4.099999904632568,298.0,21.362489700317383,24.761823654174805,-79.78280598389617,40.45894794667503,341.3980811767578,-0.0271087791770696,-0.0162734445184469,0.1615904122591018,0.9863513112068176,0.0902424314927906,0.025963408273552,0.284000732523733,-0.1063110083341598,-0.0983865782618522,0.0704748407006263,0.4018922514840961,0.8092454369366171,-11.143761584758758,15006.0
104.5,3.799999952316284,285.0,21.73810386657715,17.40643310546875,-79.78280590645038,40.45894805041522,341.4286597900392,-0.0269870460033416,-0.0194625277072191,0.15623439848423,0.9871594905853271,0.1115247052216024,0.1264043584434608,0.3211954165821697,-0.124010644853115,0.0683868005871772,0.0234924051910638,0.4746190792322159,0.5553048445656896,-10.22770520567894,15006.0
104.61,3.700000047683716,279.0,21.2773494720459,24.849292755126957,-79.78280520441942,40.45894708785172,341.39703594970706,-0.0174533855170011,-0.0185015928000211,0.1500914990901947,0.98834490776062,0.1594436691441242,0.1498097215759579,0.2494357782502921,0.1071609929203987,0.2562488913536072,0.2743651866912842,0.3735184913501144,0.6366327803581954,-9.68718742132187,15006.0
104.8,3.5,264.0,21.53151512145996,18.17775535583496,-79.78280501287377,40.45894758387958,341.4442619018555,0.0037452776450663,-0.0197416543960571,0.0994266346096992,0.994841992855072,0.1755036549897242,0.3174416820042238,0.214229383748456,-0.030021671205759,0.0303653422743082,0.7604648470878601,0.5992775508016348,0.4031670175865293,-9.541236825585363,15006.0
105.0,3.5,269.0,21.57158088684082,19.0683536529541,-79.7828041233097,40.45894629418997,341.37396466064456,0.0075230891816318,-0.0227022413164377,0.0615949966013431,0.9978146553039552,0.1674156661699201,0.2709969238905817,0.0943748218445985,-0.0625748038291931,0.0120987184345722,0.8673645853996277,0.5624569394811988,0.4208838982880116,-9.251598506569865,15006.0
105.1,3.400000095367432,260.0,21.59161376953125,19.01269149780273,-79.78280329791417,40.45894497114125,341.33262097167966,0.0173004698008298,-0.0243885610252618,-0.0271590985357761,0.9991838932037354,0.110962610928318,0.2233116195302922,-0.1100762186214005,-0.0774483829736709,0.0752010717988014,1.0382115840911863,0.5485142903029919,0.264959926083684,-8.876040616035462,15006.0
105.3,3.400000095367432,256.0,21.6279239654541,17.175830841064453,-79.78280305369795,40.45894540144287,341.2918265991211,0.0262216869741678,-0.0229887403547763,-0.1251127123832702,0.9915295839309692,0.0432457357766732,0.2416337424991338,-0.3250532494309953,0.0398235097527504,0.0657305866479873,0.9491642713546752,0.4498737722262741,0.2141187697090208,-8.687541586160659,15006.0
105.41,3.400000095367432,268.0,21.66798973083496,17.708600997924805,-79.78280244612013,40.4589440228794,341.30993115234384,0.0301830675452947,-0.0197142232209444,-0.174484297633171,0.9839999079704284,0.0442496034088807,0.1612056501267368,-0.4086878187723024,0.0830532386898994,0.0420374013483524,0.970187783241272,0.5158670195192099,0.0732399163534864,-8.569239549636839,15006.0
105.6,3.400000095367432,274.0,21.624168395996094,18.32088661193848,-79.7828019478833,40.458943266724894,341.2675422363281,0.0335472337901592,-0.0161503534764051,-0.2739831209182739,0.9610135555267334,0.0157159988814682,0.0954415161826921,-0.6317484897127527,-0.0393798053264617,-0.0026576870586723,1.0403621196746826,0.4759778259694577,0.0534856190392747,-8.512665399312974,15006.0
105.7,3.299999952316284,267.0,21.660476684570312,16.929327011108402,-79.78280184940918,40.45894336541088,341.1995872192383,0.0336405485868454,-0.0178662911057472,-0.323240578174591,0.9455499053001404,-0.0024169662348812,0.0739175565572956,-0.7457444399565085,-0.0626664087176323,0.0291181784123182,1.0716947317123413,0.5186299020051957,-0.0906354605779051,-8.649655721783638,15006.0
105.9,3.299999952316284,264.0,21.620410919189453,18.360645294189453,-79.78280176657209,40.458943455953005,341.1196235351564,0.033972330391407,-0.0197413451969623,-0.3711729347705841,0.9277321696281432,-0.0141577417436951,0.0461528757948603,-0.8721695234338025,-0.0094393761828541,0.0275735110044479,1.011754870414734,0.4477940637990833,0.0237496266793459,-8.555564666390419,15006.0
106.0,3.299999952316284,270.0,21.630428314208984,17.597274780273438,-79.78280132124756,40.45894282599493,340.9834541015625,0.0343892760574817,-0.0176400002092123,-0.4616468250751496,0.8862215280532837,-0.0268681447949428,-0.0192162174527901,-1.06330951520737,-0.0292113330215215,-0.0370454564690589,1.098011493682861,0.4671824441850186,-0.0372840397059917,-8.609245029687882,15005.0
106.2,3.299999952316284,274.0,21.580345153808597,18.074382781982425,-79.78280092301398,40.4589421784169,340.82091748046884,0.031441081315279,-0.0163133759051561,-0.5463130474090576,0.8368317484855652,-0.0251529758342962,-0.057240429433717,-1.2392770487185627,-0.0111722499132156,-0.0865190625190734,0.9413594603538512,0.4280348237603903,-0.2312286180630326,-8.632121091485024,15005.0
106.3,3.400000095367432,264.0,21.630428314208984,18.19365882873535,-79.7828009147471,40.45894222112543,340.69182812500014,0.0298578757792711,-0.0153456386178731,-0.5860939025878906,0.8095474839210509,-0.0362364564675619,-0.0711085934783198,-1.3383729667415252,-0.0349590815603733,0.0084645552560687,0.9240929484367372,0.48208655834198,-0.3453868424892425,-8.648641229867936,15005.0
106.5,3.5,259.0,21.72182846069336,17.30306053161621,-79.78280062781936,40.45894153157316,340.63897930908206,0.028438800945878,-0.0142491273581981,-0.6240481734275818,0.7807381749153137,-0.0322492041107224,-0.0818043963458099,-1.3875199030235357,-0.076461374759674,-0.1359216570854187,0.9825642704963684,0.4087003108486533,-0.2078848155587912,-8.621960384845734,15005.0
106.6,3.5,267.0,21.596622467041016,19.48979759216309,-79.78280034561391,40.45894083806062,340.4209541015625,0.0294707678258419,-0.0122805871069431,-0.6932816505432129,0.7199591994285583,-0.0136417617774488,-0.0998858236389192,-1.5583428675008462,0.0293045807629823,-0.0191678330302238,0.9417855739593506,0.4362405869364739,-0.3517075729742646,-8.597742971777919,15005.0
106.81,3.5999999046325684,268.0,21.67675399780273,17.55751609802246,-79.78280037412198,40.45894096205095,340.08819805908206,0.0312590450048446,-0.0139208976179361,-0.7560184001922607,0.6536553502082825,-0.046155418389644,-0.1287339827302652,-1.757550143524829,-0.0487699992954731,0.0396591462194919,0.9620224237442015,0.4581331470608712,-0.3798036634549498,-8.670199329257011,15005.0
106.9,3.700000047683716,257.0,21.659225463867188,17.93920135498047,-79.78280016411999,40.45894038237951,339.98150860595706,0.0328572057187557,-0.0155195631086826,-0.7856628298759459,0.6175868511199951,-0.0305707571980179,-0.1528473417387439,-1.7960335545309138,-0.0567808710038662,0.0672980248928069,0.9824243187904358,0.4338124575465917,-0.5454019635915757,-8.835656236410141,15004.0
107.0,3.700000047683716,251.0,21.6917781829834,16.97703742980957,-79.78280020091181,40.45894046365272,339.79588543701175,0.033829603344202,-0.0151084410026669,-0.813878059387207,0.579853355884552,-0.0195568964873798,-0.1917855801590586,-1.909294965439792,0.0057225720956921,-0.0107988687232136,1.088736891746521,0.2974732956290245,-0.6733744177222252,-8.684049044251442,15004.0
107.2,3.799999952316284,257.0,21.55906105041504,20.348588943481445,-79.78280007608838,40.45893984211547,339.45511090087894,0.033022865653038,-0.0169646795839071,-0.8651013970375061,0.5002212524414062,0.0193735145351025,-0.2429817465109563,-2.0384206980203032,-0.00339872459881,-0.0187160819768905,1.0677467584609983,0.2365738502517343,-0.6887342492491008,-8.980933817625047,15004.0
107.3,3.900000095367432,258.0,21.610395431518555,18.38450050354004,-79.78280017815199,40.4589399498342,339.24762188720706,0.0337526947259902,-0.0170805100351572,-0.8875137567520142,0.4592259228229522,0.0161182333780968,-0.2773552094498154,-2.0880511991789152,-0.0461187772452831,0.1106162369251251,0.7306702136993408,0.3174093773961067,-0.1922624075040221,-9.196583808660508,15004.0
107.51,3.900000095367432,247.0,21.652965545654297,16.030776977539062,-79.78280015635067,40.45893936157231,338.87658154296884,0.0322916358709335,-0.012521076016128,-0.9230032563209534,0.3832303881645202,0.0544318819186224,-0.3253818637285395,-2.1873202895569546,-0.1496895551681518,-0.0547871217131614,0.6296823024749756,0.1031361681036651,-0.4690502641350031,-8.919922215342522,15003.0
107.7,3.900000095367432,242.0,21.69803810119629,17.311012268066403,-79.7828003226292,40.45893887847628,338.4588721923828,0.0244679749011993,-0.019652159884572,-0.936585545539856,0.3490310609340668,0.0849515079004189,-0.3819206965139769,-2.4119659425126123,0.0447321496903896,0.1342024058103561,0.0736977607011795,-0.0228011260740459,-0.4385664996877313,-8.316274967193602,15003.0
107.8,3.900000095367432,245.0,21.54654121398925,21.779909133911133,-79.78280051067246,40.45893908912039,338.2071250610352,0.0231692511588335,-0.0194761771708726,-0.9392434358596802,0.3419149518013,0.0380452376146069,-0.4333703166823629,-2.5748804737657256,-0.018344959244132,0.0157472863793373,-0.064360961318016,0.034785542730242,-0.6701416383683682,-8.163042249083519,15003.0
107.9,3.900000095367432,244.0,21.58535385131836,19.64088249206543,-79.78280052589065,40.45893867640223,337.9299338989258,0.0182114113122224,-0.016827568411827,-0.9404480457305908,0.3390319943428039,0.0232833858387896,-0.4473564052934529,-2.6491332663246485,-0.0568384528160095,-0.2128005027770996,-0.001898554037325,-0.0188965199142694,-0.6122429475188256,-8.609236258864403,15002.0
108.1,3.900000095367432,236.0,21.44011688232422,23.537250518798828,-79.78280085095948,40.45893922326422,337.37877880859384,0.011624626815319,-0.0036869631148874,-0.9383894801139832,0.3453642427921295,-0.0705847031986246,-0.4211084564723878,-2.830641652546801,0.1108960732817649,-0.1675670146942138,0.1298224329948425,0.0991062122583389,-0.8863455799967049,-8.976041452288626,15002.0
108.3,3.900000095367432,233.0,21.624168395996094,18.122093200683597,-79.78280089502026,40.45893889480907,337.05906903076175,0.0152224050834774,0.0060291183181107,-0.93662691116333,0.3499458730220795,-0.074893688072792,-0.3426788877905238,-2.8529520874230188,0.109080784022808,-0.037675067782402,-0.3372366726398468,0.2961895759776234,-0.5322144823148847,-9.441272242069244,15002.0
108.4,4.0,223.0,21.540281295776367,21.461837768554688,-79.7828010912629,40.45893880394596,336.45730816650394,0.0201470926403999,0.0141335427761077,-0.9326284527778624,0.3599979877471924,-0.0349779343589006,-0.212858743706214,-2.8868983164610973,0.0031716800294816,-0.097987376153469,-0.126259446144104,-0.0218411046266555,-0.8229095759242774,-9.584443656206131,15001.0
108.5,4.0,221.0,21.4138240814209,22.94086837768555,-79.78280114143178,40.45893904862226,336.1667045288086,0.0234822072088718,0.0147287035360932,-0.9311634302139282,0.3635469377040863,-0.0230176024918072,-0.1802895244192702,-2.922161950242629,-0.0064698187634348,0.0005567260668613,-0.0795566961169242,0.1339888370409608,-0.3213715238124132,-9.551817947030068,15001.0
108.7,4.099999904632568,218.0,21.447628021240234,21.636775970458984,-79.78280155822853,40.45893877971622,335.57721173095706,0.0263938792049884,0.0162778068333864,-0.9288208484649658,0.3692294657230377,0.0787179219063731,-0.1405497738724614,-2.8647786892008007,-0.0414093099534511,0.0996911153197288,-0.2424452006816864,0.3242194467410445,-0.2821734346076846,-9.830809071063996,15000.0
108.8,4.099999904632568,217.0,21.53151512145996,21.19942855834961,-79.78280157680855,40.45893892933295,335.29095684814456,0.0209639407694339,0.0195135287940502,-0.9290817975997924,0.36876380443573,0.0788996725974533,-0.0969142882625467,-2.858416018300128,-0.0496944971382618,-0.0865902826189994,0.0970220491290092,0.0702568268124014,-0.8526196441054344,-9.827202508449554,15000.0
109.0,4.199999809265137,213.0,21.41006660461425,24.22110366821289,-79.78280175052751,40.45893838603296,334.5695441894532,0.0385431349277496,0.0183096267282962,-0.9301955103874208,0.3645756840705872,0.1923365297878863,-0.0140182716693468,-2.8700719554653817,0.4400122463703156,0.1597784757614135,0.2127234190702438,-0.0665335939731448,-0.6948013933002949,-9.912868895530703,14999.0
109.2,4.300000190734863,217.0,21.51899528503418,21.00858688354492,-79.78280154094433,40.45893829343715,333.8366187744141,0.0374273024499416,0.01034168433398,-0.930856227874756,0.3633166849613189,0.317050124566926,-0.0431914580384027,-2.8761004210275827,0.0339813195168972,0.1921487599611282,-0.0099211111664772,0.0540742692025378,-0.7602916704118252,-9.831466298103331,14998.0
109.3,4.400000095367432,216.0,21.49145126342773,20.952924728393555,-79.78280158993262,40.4589382747619,333.54682003784177,0.0302483290433883,0.0086788414046168,-0.9311562180519104,0.3632601797580719,0.2928332429719939,-0.0537187163019197,-2.877408331569689,0.081223651766777,0.1783628016710281,0.0300044417381286,0.0338063853560015,-0.4077392113208771,-9.905448778867722,14998.0
109.5,4.5,215.0,21.387529373168945,23.250986099243164,-79.78280140611975,40.45893799746832,332.78184735107425,0.0238175597041845,0.0138382595032453,-0.9311513900756836,0.3635909557342529,0.2536768304919126,0.0127006654295708,-2.9179905887658286,-0.0368787422776222,0.1298169642686844,-0.2808533310890198,0.1289909660071134,-0.2848835459724069,-10.005287647247314,14997.0
109.6,4.599999904632568,214.0,21.41632652282715,23.40207099914551,-79.78280119454645,40.458937653158095,332.34264981079104,0.019535968080163,0.0097070494666695,-0.930947721004486,0.3645004630088806,0.2311558480910745,0.0577669713925573,-2.926251209787805,-0.127896562218666,0.1989558041095733,-0.0848011523485183,-0.0624497478129342,-0.4731022384017706,-10.239861567020418,14997.0
109.8,4.599999904632568,213.0,21.473920822143555,21.12786293029785,-79.78280123333118,40.45893759091764,332.05051647949216,0.022188726812601,-0.0002429005980957,-0.9299688935279846,0.3669681549072265,0.1897283126308379,0.0459407841093347,-2.904048741369583,-0.0563573203980922,0.1798364222049713,-0.0062728789635002,0.0691689157951623,-0.337809874266386,-10.05241971373558,14997.0
109.9,4.599999904632568,213.0,21.470165252685547,21.764005661010746,-79.78280106253838,40.458937155818376,331.3400138549805,0.023382544517517,-0.0036510538775473,-0.9283578991889954,0.3709335923194885,0.1783776897342054,-0.0300185937544399,-2.934401448671053,-0.0654921978712081,-0.1591277718544006,0.12667016685009,0.2705185633711517,-0.7745672819763423,-9.782746127843858,14996.0
110.0,4.599999904632568,213.0,21.42884826660156,22.50352096557617,-79.78280105697844,40.45893709859455,331.0453132324218,0.0181634202599525,-0.0031896652653813,-0.927677035331726,0.3729279935359955,0.1620757232239052,-0.0122543966115012,-2.949607011385714,0.0232904348522424,-0.0806705802679061,-0.0715848356485366,0.4304792157188058,-0.3800706253945828,-9.710038340091703,14996.0
110.2,4.599999904632568,211.0,21.41006660461425,22.43195343017578,-79.78280080171258,40.45893669137398,330.34483563232425,0.0182568952441215,-0.0013905563391745,-0.9272046685218812,0.3741074502468109,0.0841188332750115,0.0253833196788405,-2.9812289152424203,-0.0931742638349533,-0.1365920752286911,0.0280069094151258,0.3630299751833081,-0.6862402655929327,-9.837693582773207,14995.0
110.3,4.599999904632568,211.0,21.48644256591797,21.072200775146484,-79.78280074649817,40.45893665914317,330.04694210815427,0.0177903417497873,-0.0029480189550668,-0.9278801083564758,0.3724426627159119,0.0837846345366361,0.0134316833614249,-2.975962576706902,-0.0164576172828674,0.0625683888792991,0.1479962915182113,0.2100743237324059,-0.4180928029865025,-9.798448240756988,14995.0
110.5,4.599999904632568,211.0,21.47892951965332,22.64665222167969,-79.78280046227167,40.45893626117434,329.355760925293,0.0346178747713565,-0.0109381293877959,-0.9296676516532898,0.3666062653064728,0.1091659172871319,-0.0578486661268645,-3.008853187936588,0.2330171465873718,0.0116144176572561,-0.0286103133112192,0.3647965652123093,-0.3115681551396847,-9.64099441766739,14994.0
110.6,4.599999904632568,211.0,21.47642517089844,21.08015251159668,-79.78280020777039,40.45893588050557,328.97968899536136,0.0422086790204048,-0.0106346234679222,-0.9300068020820618,0.3649558126926422,0.1614777039950674,-0.107642946482675,-3.0256639783466035,0.0898761823773384,-0.1427087038755417,0.234388068318367,0.210261818356812,-0.9566081352531908,-9.714761136174204,14993.0
110.8,4.5,218.0,21.51774406433105,22.11388397216797,-79.78280016858089,40.45893588417493,328.3690932922364,0.0346010327339172,-0.0099091976881027,-0.930014431476593,0.3657566010951996,0.1769544261565226,-0.1612755529703254,-3.073126377534037,-0.2828346788883209,-0.1843904703855514,-0.1055534854531288,0.2740549776703119,-0.4914558443427086,-9.51063132941723,14993.0
111.0,4.5,218.0,21.443872451782227,22.877254486083984,-79.78279992557617,40.458935576215744,328.0072044067383,0.0291477628052234,-0.0073378225788474,-0.9300593137741088,0.3661779165267944,0.1607615065838542,-0.1535470530511573,-3.0921409446629258,-0.1499044746160507,-0.138135477900505,-0.0663326978683471,0.125493874233216,-0.6230602233856917,-9.67366222679615,14993.0
111.1,4.400000095367432,220.0,21.37626266479492,23.51339530944824,-79.7827998257135,40.45893533396456,327.3504012756348,0.0243061147630214,-0.0040038265287876,-0.9290795326232908,0.3690589964389801,0.1207949327907292,-0.1191852310157755,-3.0825505965139253,-0.1863160878419876,-0.0099956784397363,-0.0199795290827751,0.1460358828585595,-0.573822099454701,-9.868487359285355,14992.0
111.21,4.400000095367432,220.0,21.54654121398925,20.022565841674805,-79.78279982258779,40.458935363481466,327.0426734619141,0.0181971136480569,-0.0014397474005818,-0.9286676645278932,0.3704634010791778,0.0994515121532022,-0.1046433888828121,-3.061462229760884,-0.0626651495695114,0.1125391572713852,-0.2487920373678207,0.2308307698555291,-0.2033337448909878,-9.982878777980805,14992.0
111.4,4.400000095367432,216.0,21.49145126342773,22.17749786376953,-79.78279974567606,40.458935142903925,326.3874610595704,0.0222278721630573,-0.002408675616607,-0.927656352519989,0.3727652132511139,0.0461059415207401,-0.0657854595399459,-3.1150738253380688,0.0136939035728573,-0.0182715263217687,0.1112772226333618,0.1974038642272353,-0.6435058169066906,-9.454622604846955,14991.0
111.6,4.300000190734863,218.0,21.49145126342773,21.175573348999023,-79.7827996473678,40.458934992861,325.73171841430667,0.0290050115436315,0.0036617706064134,-0.9271825551986694,0.373467355966568,0.0913247144659809,-0.0697115171778488,-3.1520222959057254,0.0837772339582443,0.1289767175912857,-0.1251657307147979,0.1226338731497526,-0.370035414621234,-9.656662616729736,14990.0
111.7,4.300000190734863,219.0,21.443872451782227,22.26496696472168,-79.78279960397882,40.45893504079551,325.41551815795896,0.0298929810523986,0.0002175756671931,-0.9276064038276672,0.372361034154892,0.1155486310216589,-0.0721370709254032,-3.1582826604877363,-0.0251280087977647,0.1085573732852935,0.2381366789340973,-0.0302405020035803,-0.693665644749999,-9.728759370446202,14990.0
111.81,4.300000190734863,219.0,21.45013236999512,22.495569229125977,-79.78279957197958,40.45893509596672,325.0998099975586,0.0347804315388202,-0.0057692998088896,-0.927647590637207,0.3717889785766601,0.1187820153042973,-0.1051566424184326,-3.1575958008205376,0.0046609290875494,0.1649680882692337,-0.045622032135725,0.1312498002313077,-0.7020789109915495,-9.74074616253376,14990.0
112.01,4.300000190734863,220.0,21.377513885498047,23.83146667480469,-79.78279947820812,40.45893494338596,324.44408642578134,0.0367030277848243,-0.0010661686537787,-0.92833811044693,0.3699190616607666,0.1626805572471491,-0.1601809860052436,-3.163583916140384,-0.1301145553588867,-0.1074274480342865,0.0037589413113892,0.2970024120435119,-0.5820346965640784,-9.755319762825968,14989.0
112.1,4.199999809265137,223.0,21.35247230529785,23.46568489074707,-79.78279942740399,40.45893480263343,324.1060355834961,0.0290462672710418,0.0002152635715901,-0.9291334748268129,0.3686018586158752,0.1657640707757649,-0.1349123108224938,-3.1300593029745936,-0.1872022002935409,0.0761424452066421,-0.1757948398590088,0.1889744450524449,-0.5278640807792545,-9.986347346305848,14989.0
112.3,4.199999809265137,223.0,21.44637680053711,22.17749786376953,-79.7827994762939,40.45893491374775,323.48350750732425,0.0328675881028175,-0.0032530785538256,-0.9304574131965636,0.3649085462093353,0.1447165284826397,-0.1528276266378366,-3.0975619476019616,0.1191328465938568,0.0556088425219059,0.1038329750299453,0.1951377027109265,-0.6475946286320686,-9.808301968574524,14988.0
112.5,4.199999809265137,223.0,21.38502693176269,24.133634567260746,-79.78279952836013,40.45893480290611,322.82632290649417,0.0379942841827869,-0.0023832442238926,-0.9308228492736816,0.3634825944900513,0.1837947124239918,-0.1746885481913256,-3.11182158000586,-0.182691603899002,-0.0478554815053939,-0.207815945148468,0.2237643914669752,-0.3952167411893606,-9.736851332187651,14987.0
112.6,4.199999809265137,222.0,21.427595138549805,21.899185180664062,-79.78279953730437,40.45893469207091,322.48628842163083,0.0280191395431756,-0.0034843308385461,-0.9303219318389891,0.3656555414199829,0.1928078938436496,-0.1900518717860614,-3.0971341502794862,-0.1958424746990204,0.0032138107344508,-0.0744940191507339,0.2862872066348791,-0.6549344191700219,-9.896325953006745,14987.0
112.8,4.199999809265137,222.0,21.447628021240234,21.11195945739746,-79.78279964719353,40.45893483352983,321.86847149658206,0.0200928598642349,0.0028627314604818,-0.9265766143798828,0.3755583167076111,0.0862105236845959,-0.1485650055330253,-3.0774342241558026,-0.0092354621738195,-0.0815026834607124,0.0633340552449226,-0.2259905909188092,-0.5418546771258116,-9.823601793050766,14986.0
112.9,4.099999904632568,222.0,21.46014976501465,21.87532997131348,-79.7827996779925,40.45893466698127,321.5340217285156,0.0200379826128482,0.0036995820701122,-0.925163507461548,0.3790217041969299,0.0998685239897266,-0.1209420908506148,-3.0841806548954667,0.015389023348689,0.2229900956153869,-0.1916041821241378,0.1223984679020941,-0.4238960914313793,-9.758797101974489,14986.0
113.0,4.099999904632568,222.0,21.421335220336918,22.20135307312012,-79.78279970691098,40.45893473984546,321.2240585021973,0.0179257579147815,0.0042418371886014,-0.9250343441963196,0.3794367015361786,0.0873500057403618,-0.0948275920105062,-3.101211942710032,0.0936025083065033,0.0836930274963378,-0.0434880591928958,0.2697871863283217,-0.5475514731556177,-9.69643420815468,14986.0
113.2,4.099999904632568,216.0,21.48268699645996,21.39027214050293,-79.78279976101793,40.458934662371504,320.5840781860352,0.0229989141225814,-0.0011234418489038,-0.9262890815734864,0.3761095404624939,0.0457545099829197,-0.0942456059741619,-3.0494690526699872,-0.0730781704187393,0.0735742300748825,0.0451641082763671,0.2119885742291808,-0.6796606130898001,-10.103422636985778,14985.0
113.4,4.099999904632568,216.0,21.45263671875,22.225208282470703,-79.7827997056461,40.45893455328939,319.94769894409177,0.0319867059588432,0.0024717047344893,-0.9276725053787231,0.3720142245292664,0.0729919101980183,-0.1106842241077601,-3.0546177176705376,-0.0077302395366132,-0.1469315141439438,0.1559725105762481,-0.0352421920001506,-0.6618720674514771,-9.69922391474247,14984.0
113.5,4.099999904632568,215.0,21.473920822143555,22.0025577545166,-79.78279968445756,40.45893462347296,319.64142453002927,0.0312907584011554,0.0029948591254651,-0.9284201860427856,0.3701998591423034,0.1251741911699157,-0.1127005874642846,-3.053067761280101,0.0265469253063201,0.2252658605575561,-0.053120881319046,0.1693026757054031,-0.7501264321804048,-9.907073135375976,14984.0
113.6,4.099999904632568,215.0,21.38252258300781,23.72809410095215,-79.78279969533291,40.45893441951591,319.31016766357425,0.0277250446379184,0.0017867692513391,-0.9286209344863892,0.3699883818626404,0.1289555356019924,-0.0979424286896939,-3.0596097512299387,-0.0932435989379882,-0.0337898023426532,-0.1104732602834701,0.1294476152770221,-0.6953538089990616,-10.091534078121184,14984.0
113.8,4.199999809265137,218.0,21.41883087158203,23.680383682250977,-79.78279969383752,40.458934550672105,318.6990531616211,0.0270885061472654,-0.002043595071882,-0.9280208349227904,0.3715367615222931,0.100377187296173,-0.1222307141094143,-3.0599982684461966,-0.134072259068489,0.0674033984541893,-0.1000328585505485,0.3586040714755654,-0.581220983415842,-9.933107278347016,14983.0
114.0,4.099999904632568,218.0,21.526508331298828,20.00666236877441,-79.78280007673769,40.458934665960335,318.0903266601564,0.0172577258199453,0.0085049644112587,-0.9261647462844848,0.3766283094882965,0.0727778983846673,-0.1168331118070152,-3.0601063038141123,-0.0240048617124557,-0.0485777184367179,-0.199095994234085,0.5030343545973301,-0.3714723678678274,-9.715470988154411,14983.0
114.1,4.099999904632568,218.0,21.55530548095703,19.6885929107666,-79.78280017461589,40.45893453880522,317.78417813110354,0.0077947727404534,0.0153884105384349,-0.9260132908821106,0.3770966529846192,0.0611264753755943,-0.042698170350273,-3.0549419984094546,-0.0207074526697397,0.0435552671551704,-0.0457143224775791,-0.0059765281970612,-0.3525030135735869,-9.662637886404992,14982.0
114.31,4.099999904632568,218.0,21.46515655517578,20.23726463317871,-79.78280007764279,40.45893466785728,317.172167175293,0.0152932880446314,0.0079811122268438,-0.9261598587036132,0.3767363727092743,-0.0077971883609382,0.0685523864348142,-3.060167562228557,-0.0437372773885726,0.2143724262714386,-0.2450462132692337,0.2294550296477973,-0.1110348428227007,-9.745280678272248,14982.0
114.4,4.099999904632568,214.0,21.368749618530277,24.89700508117676,-79.78280005046987,40.45893448279127,316.8647025756836,0.0206169486045837,0.0005376484477892,-0.9257617592811584,0.377544641494751,0.0017975691300322,0.0331283963798237,-3.0458013505273014,-0.0333046466112136,0.0405646115541458,0.1289082318544387,0.1502008454315364,-0.4162598470598459,-9.553053463697433,14981.0
114.5,4.099999904632568,217.0,21.47266960144043,21.27099609375,-79.78279994062571,40.45893452752664,316.5610183410645,0.0244816038757562,-0.0055711884051561,-0.9256547689437866,0.3775354325771332,0.0270695683798883,-0.0055926006501573,-3.033378150944672,0.2054974436759948,0.1694348156452179,0.0091282464563846,0.4684001268446446,-0.2013750738278031,-9.646595465540887,14981.0
114.7,4.099999904632568,219.0,21.45889663696289,19.855579376220703,-79.78279980139644,40.45893431124647,315.9428237609864,0.0253343116492033,-0.004553675185889,-0.9261348247528076,0.3763134777545929,0.0254406855826526,-0.0468173134461792,-3.0452119400630218,-0.0807380527257919,0.0850235968828201,-0.1949108690023422,0.3549324220418929,-0.4029691258817911,-9.735697091817856,14980.0
114.9,4.099999904632568,219.0,21.500215530395508,20.29292678833008,-79.7827996795385,40.458934346983455,315.6375106506348,0.0281963422894477,-0.0006563805509358,-0.9261106252670288,0.376196563243866,0.0418190730567192,-0.0529948843489404,-3.056511797605346,0.2116817384958267,0.113582856953144,-0.1250122636556625,0.1191491244826465,-0.22227514218539,-9.774795083999637,14980.0
115.0,4.099999904632568,223.0,21.430099487304688,22.17749786376953,-79.78279945888883,40.45893416929801,315.0163634948732,0.0371477454900741,-0.0038428674452006,-0.9251695275306702,0.3777123689651489,0.1352548441216891,-0.0632917379291374,-3.090351870791596,0.0323482900857925,0.1902496069669723,-0.0353253819048404,0.0415274828765541,-0.5820987966656685,-9.737302737236025,14980.0
115.2,4.099999904632568,227.0,21.470165252685547,21.21533203125,-79.78279928854856,40.4589340163823,314.39074169921884,0.0348801463842392,-0.0073380679823458,-0.9238256216049194,0.3811506330966949,0.1389471534657879,-0.1149340264153606,-3.0781719047886296,-0.0152130564674735,0.0703687518835067,-0.1901957541704177,0.1740840353071689,-0.4232015518471599,-9.968171861171722,14979.0
115.3,4.0,227.0,21.39253807067871,22.63870048522949,-79.78279925277712,40.45893405061418,314.0824187927246,0.034918300807476,-0.0091444961726665,-0.9226149916648864,0.3840295374393463,0.12189016828693,-0.1360411482138893,-3.078559496911532,-0.1353225708007812,0.1041413992643356,-0.2521200180053711,0.4201897241547704,-0.3259522690996528,-9.792112197875976,14979.0
115.41,4.0,228.0,21.387529373168945,23.17146873474121,-79.7827992119348,40.45893379788635,313.7673171691895,0.0292994678020477,-0.0064671924337744,-0.9221971035003662,0.3855544626712799,0.1236923634090766,-0.1343207328826871,-3.0482847757433165,-0.1750206798315048,-0.1562632620334625,-0.1126670688390731,0.4247184292227029,-0.4650407552719116,-10.037571294307709,14978.0
115.6,4.0,227.0,21.496458053588867,19.91124153137207,-79.78279916521771,40.45893358080532,313.14831387329104,0.020367881283164,0.0004283190355636,-0.923473298549652,0.3831214010715485,0.0842361489674415,-0.0619888870136791,-2.9895462112979665,-0.0325044281780719,-0.043872881680727,-0.0548437274992466,0.2412724717520177,-0.4497345719486475,-10.086020153760913,14978.0
115.7,4.0,226.0,21.554052352905277,20.277023315429688,-79.78279913478136,40.458933606666285,312.8493407897949,0.0205663442611694,0.0017437381902709,-0.9247522354125975,0.380009651184082,0.0688615275123853,-0.0562301155473712,-3.0023635398961748,0.0327044352889061,0.0005719637847505,0.1416787356138229,0.0776424357667565,-0.6258589931577444,-9.544677327275275,14977.0
115.9,4.0,226.0,21.564069747924805,20.29292678833008,-79.78279901199862,40.45893346765129,312.23200070190427,0.025960149243474,-0.004660400096327,-0.9260025024414062,0.3765949606895447,0.0754031586063189,-0.0552763956460726,-3.0397047656909635,0.0340980365872383,0.0655296146869659,-0.1538529396057129,0.3930650023743511,-0.7691043014824391,-9.6217331045866,14977.0
116.1,4.0,227.0,21.42008399963379,21.946895599365234,-79.78279896053114,40.45893348707693,311.6164001159668,0.0218386612832546,-0.0085211265832185,-0.9240047931671144,0.3816616237163544,0.0223159131128521,-0.1060994063348953,-3.0863579585219805,0.0122847277671098,-0.1364071667194366,-0.1328043490648269,0.260772150233388,-0.4684007115662098,-9.571556977629662,14976.0
116.2,4.0,229.0,21.557809829711918,18.495826721191406,-79.78279890655914,40.45893355849292,311.30748593139646,0.0222116969525814,-0.0049787885509431,-0.9231194257736206,0.3838390707969665,0.0130843896624445,-0.1236791192905696,-3.0901889774551536,0.1020102128386497,-0.1034672185778618,-0.1414312571287155,0.3076579027622938,-0.2769216116890311,-9.720569760203364,14976.0
116.4,4.0,227.0,21.422588348388672,21.787860870361328,-79.7827988575315,40.45893363024064,310.9969695739746,0.0275252517312765,0.0032016453333199,-0.9227687120437622,0.3843568861484528,0.0199908887435737,-0.0947034225505588,-3.1283421302900583,0.0881520733237266,-0.2275127619504929,-0.0937974601984024,0.3056864409148693,-0.7406084076315165,-9.5824520945549,14975.0
116.5,4.0,227.0,21.500215530395508,20.49967384338379,-79.78279878007446,40.458933541686704,310.3696235351564,0.0337084084749221,0.0040664603002369,-0.9237442016601562,0.3815021812915802,0.1416824362311387,-0.0539043782459192,-3.1576310710978137,-0.1256086677312851,-0.0315953493118286,0.0276663564145565,0.101726833814755,-0.7937278036773205,-9.586672030091288,14975.0
116.7,4.0,227.0,21.39629364013672,22.19340133666992,-79.78279878532804,40.458933476853645,309.7414535217285,0.0245806500315666,-0.0004355802666395,-0.9246280193328856,0.3800771832466125,0.142706346643969,-0.0909492388815995,-3.1608524423013287,-0.0185371618717908,-0.0072446237318217,-0.2444548010826111,0.3373057711869478,-0.3002693245187401,-9.863364028930665,14974.0
116.8,4.0,232.0,21.43886375427246,22.93291664123535,-79.78279878610384,40.45893353802164,309.42655026245114,0.0216359235346317,-0.0054642423056066,-0.9237405061721802,0.3823684751987457,0.0953581113324528,-0.1191976776744774,-3.1408427351522543,0.024369528517127,0.0851707160472869,-0.1071037650108337,0.0586345812119543,-0.3518520722910762,-9.86724190235138,14974.0
116.91,4.0,230.0,21.284862518310547,25.350255966186523,-79.78279889949535,40.45893334667706,309.11404263305667,0.0200078040361404,-0.0075885821133852,-0.921844482421875,0.3869690001010895,0.0680040591436977,-0.1423869485497503,-3.132076471992588,-0.0335301645100116,-0.0262003745883703,0.0133171379566192,0.203359216824174,-0.3180234081298113,-9.75874389231205,14974.0
117.1,4.0,231.0,21.448881149291992,21.06424903869629,-79.7827990801544,40.45893326183703,308.48209988403323,0.0202484931796789,0.0133331781253218,-0.9181911945343018,0.3953949809074402,0.0750579919478805,-0.05722352203355,-3.106715828779341,0.173608511686325,-0.150359496474266,-0.1307674944400787,0.1987828386761248,-0.1149985606782138,-9.823025257587434,14973.0
117.2,4.0,231.0,21.50522232055664,20.571239471435547,-79.78279904900127,40.45893329210433,308.17049252319333,0.0199686344712972,0.02047910541296,-0.9169726371765136,0.3979235887527466,0.1136509588764088,0.0323650825059755,-3.1122160683705986,0.0785830467939376,-0.0635077357292175,-0.016901709139347,0.0663892317004501,-0.1669827198050916,-9.736403435468674,14973.0
117.41,4.0,228.0,21.38502693176269,23.1953239440918,-79.78279901276879,40.45893329297228,307.8600066833496,0.0275086835026741,0.023490946739912,-0.9153439998626708,0.4010448753833771,0.1687185188429916,0.0959849951759948,-3.0847734248799683,0.2800361514091492,0.2253944873809814,-0.1005788072943687,0.1603478293865919,-0.5133032712712884,-10.031438734531402,14972.0
117.51,4.0,228.0,21.28736686706543,25.652421951293945,-79.78279905840651,40.45893301257403,307.2336944274902,0.0330880135297775,0.008036583662033,-0.9144110083580016,0.4033525884151459,0.2950641445707062,0.0805903458362538,-3.0318752850500963,-0.3247252106666565,-0.0388842672109603,0.1990232020616531,0.1167284959740936,-0.7370683570951224,-10.105828181505204,14972.0
117.7,4.0,228.0,21.32117080688477,23.36231231689453,-79.78279911929612,40.45893277511672,306.90568386840823,0.0296383388340473,0.0018049334175884,-0.9152508378028872,0.4017890393733978,0.3306003149740605,0.0368053498460103,-3.006379489201341,0.2216828763484954,0.0849500447511673,0.0890462398529052,0.1421364295575767,-0.1640438909456134,-10.248528310060502,14971.0
117.8,4.0,232.0,21.496458053588867,21.47774124145508,-79.78279921084417,40.45893254853007,306.3143447570801,0.0326157510280609,-0.0069409841671586,-0.9167454838752748,0.3980776667594909,0.2991996684448977,-0.042239193717748,-2.9001506642759147,-0.0697949677705764,0.0326600782573223,-0.1131027042865753,0.3046713825501502,-0.2724826796539128,-10.134364932775496,14971.0
118.0,4.0,232.0,21.411319732666016,22.81363868713379,-79.78279940032945,40.4589321628951,305.6898788146973,0.0169067773967981,-0.0121276937425136,-0.9192752838134766,0.3930650949478149,0.2071724209052604,-0.1153826327703845,-2.932103230135807,-0.2216522842645645,0.349475622177124,-0.1285424381494522,-0.2133722081780433,-0.5479813896864653,-9.82109567642212,14970.0
118.1,4.0,233.0,21.302391052246094,23.21122741699219,-79.78279954402242,40.458931962310594,305.3709357910156,0.0089238416403532,-0.0194906331598758,-0.9191172122955322,0.3934007883071899,0.1199627986802954,-0.1209181000529034,-2.9544080668550543,-0.1780622005462646,-0.1389206498861313,0.1499835848808288,-0.01765533875674,-0.6058804094418884,-9.759021050333978,14970.0
118.21,4.0,233.0,21.40005111694336,22.630748748779297,-79.78279959366283,40.45893193054408,305.07578503417966,0.0099908858537673,-0.0085785184055566,-0.9194904565811156,0.3928917646408081,0.0653176190739625,-0.1282489214276722,-2.9504873521752586,0.370606541633606,-0.2611735165119171,-0.0016151161398738,0.2787503649294377,0.0154664518497884,-9.759249091744424,14970.0
118.4,4.0,229.0,21.38377380371093,22.074125289916992,-79.78279974386021,40.458931769670784,304.48001705932614,0.0192926879972219,0.0282929744571447,-0.9210405945777892,0.3879581987857818,0.1429254936757477,0.0436112146772653,-2.895560563581661,0.1444248259067535,0.1246401295065879,-0.0982704013586044,-0.2686453164741397,-0.4400170842558146,-10.238862862586975,14969.0
118.6,4.0,228.0,21.4426212310791,21.54135513305664,-79.78279973779712,40.45893174530631,304.19240795898435,0.020879004150629,0.0185547806322574,-0.92208731174469,0.3859727680683136,0.1728955972143413,0.1257427001716694,-2.837488161618997,-0.2263035327196121,0.5036236643791199,-0.1438147723674774,-0.1700698121264577,-0.4390118747949601,-10.36846405863762,14969.0
118.7,3.900000095367432,228.0,21.42634391784668,21.90713691711425,-79.78279977313571,40.45893165491663,303.5994247131348,0.0122055346146225,-0.0352136231958866,-0.9229661226272584,0.3830725252628326,0.0329827734046305,-0.0850478714971001,-2.8341057287924034,-0.1935912668704986,0.3364483416080475,-0.097912423312664,0.1447744191717356,-0.3014925803057849,-9.875978811979293,14968.0
118.8,3.799999952316284,228.0,21.477678298950195,19.87943458557129,-79.78279975266675,40.45893171211255,303.31570660400394,0.012290115468204,-0.0456331707537174,-0.92177551984787,0.3848331272602081,-0.0890631611405266,-0.2608396312046317,-2.8302155396080177,-0.0038048638962209,0.1283206343650818,-0.3123889863491058,0.5206402112916112,-0.0889164888113737,-9.75439180970192,14968.0
119.0,3.799999952316284,232.0,21.37626266479492,23.21122741699219,-79.78279994872952,40.45893163681304,302.72048794555667,0.0121021661907434,-0.017681747674942,-0.9200305342674256,0.3912604749202728,-0.1559390894689294,-0.3526972926236215,-2.9092113811374665,0.1506079882383346,-0.5139158964157104,0.101207323372364,0.1523173547722399,-0.6192001108825207,-9.504802240133284,14967.0
119.1,3.799999952316284,230.0,21.375009536743164,23.529298782348643,-79.78279998948469,40.45893159540563,302.442057006836,0.0126423025503754,0.0035986967850476,-0.9192957878112792,0.3933480381965637,-0.1276252622497944,-0.2501494526501056,-2.9078301888655864,0.1557381451129913,-0.3149241209030151,0.0295480880886316,0.1328615486808121,-0.6543945018947125,-9.728423740267754,14967.0
119.3,3.799999952316284,230.0,21.4138240814209,22.392194747924805,-79.78279992165497,40.45893195175128,301.86504589843764,0.023429250344634,0.0247224643826484,-0.9180811643600464,0.3949264287948608,-0.0392664825430744,-0.0367488818946519,-2.872098948406249,0.0063719092868268,0.0001670805941103,0.0751957818865776,0.1313538989424705,-0.8116997326165438,-9.98447974562645,14966.0
119.5,3.799999952316284,229.0,21.496458053588867,20.849552154541016,-79.78279986422555,40.45893214380546,301.3063396148682,0.0231594499200582,0.0179424062371253,-0.9179285764694214,0.3956626057624817,0.0107352671029885,0.027220366879644,-2.8700112085007965,-0.1245520859956741,-0.0758100822567939,0.0533917099237442,0.181730950847268,-0.631813285946846,-9.564567800760267,14966.0
119.6,3.799999952316284,227.0,21.35247230529785,24.3721866607666,-79.78279993542554,40.4589321964265,301.02413021850583,0.0222192928194999,0.0140221575275063,-0.9175499081611632,0.3967517018318176,0.0045548041375648,0.0250087309204365,-2.907135570397355,-0.1500198543071746,-0.1586432754993438,0.1818605661392212,0.0880290185194462,-0.7764183642715216,-9.588629093170166,14966.0
119.81,3.700000047683716,227.0,21.363740921020508,22.19340133666992,-79.78279970754063,40.458932398442585,300.44728123474124,0.0174127202481031,0.0078333616256713,-0.9187608361244202,0.3943527042865753,-0.0185094336327524,0.025638126103197,-2.8625783965624203,-0.0053794919513165,-0.200156956911087,0.2166467010974884,0.0572499422729015,-0.3302755176275969,-9.989088521003724,14965.0
119.9,3.700000047683716,225.0,21.338699340820312,23.473636627197266,-79.78279982603394,40.45893239083336,300.1778987579346,0.0224878601729869,0.0068658939562737,-0.9205482602119446,0.3899205029010773,-0.0023368357277409,0.0095496347606005,-2.817305007582656,0.2144007086753844,0.0107837002724409,0.0981675684452056,0.1150145857036113,-0.3790695820748806,-10.089555380344391,14965.0
120.1,3.700000047683716,225.0,21.3700008392334,23.664478302001957,-79.78279971679692,40.45893246787092,299.89806973266604,0.0256534162908792,0.0064046983607113,-0.9223800897598268,0.3853775560855865,0.0075790354849101,0.0028171734905924,-2.78327859957252,0.0939468145370483,-0.017761543393135,0.1069649010896682,0.3210762759670615,-0.4594932094216347,-10.184443995952607,14964.0
120.2,3.5999999046325684,226.0,21.36624526977539,23.17942047119141,-79.78279960176664,40.45893247659985,299.35914646911624,0.0169724002480506,0.007876481860876,-0.9242308139801024,0.3813756406307221,-0.008720786828045,0.0254807963195204,-2.657478785261946,-0.1103536263108253,-0.0987013727426529,-0.0308420713990926,0.0306069214269518,-0.3609772370383144,-10.3885515832901,14964.0
120.41,3.5999999046325684,225.0,21.44512367248535,21.74810218811035,-79.78279944393768,40.45893246325793,298.82660519409177,0.0221122913062572,0.0131333470344543,-0.9232754111289978,0.3832769393920897,-0.0127014448816599,0.0614110034852095,-2.565785891632055,0.1587904840707779,0.0836278945207595,-0.225434198975563,0.0026146738417446,-0.7312905040383341,-10.32111096739769,14963.0
120.5,3.5999999046325684,224.0,21.401302337646484,22.090028762817383,-79.78279929308536,40.45893250334381,298.57244145202634,0.0260554309934377,0.013301390223205,-0.9226634502410888,0.3844949603080749,0.0001315865548987,0.0837704649654059,-2.529912557785083,0.0393431484699249,-0.0930751338601112,-0.0296425558626651,-0.0173627587035298,-0.5483087972179056,-10.154486371278765,14963.0
120.61,3.5999999046325684,223.0,21.521499633789062,19.632930755615234,-79.78279919796466,40.45893244820318,298.3069614105225,0.0275556035339832,0.0132814813405275,-0.9225367307662964,0.3846950232982636,0.0225190208039929,0.0929219588434136,-2.5439607642077706,-0.1186645776033401,-0.0844415053725242,0.0873951613903045,0.1026739457063377,-0.7204137327522041,-10.086477406024931,14963.0
120.81,3.5999999046325684,220.0,21.26608085632324,25.42977333068848,-79.78279887563366,40.45893246390527,297.7965186767578,0.0273776035755872,0.0096516432240605,-0.9213749766349792,0.3875895738601685,0.055482091095894,0.0921569215136415,-2.5609729570425417,-0.02113020978868,0.0338322967290878,0.0507103241980075,-0.1148645223956555,-0.4626853506267071,-9.724521893262864,14962.0
121.0,3.5,221.0,21.38126945495605,22.81363868713379,-79.78279883795359,40.45893233492782,297.550527923584,0.0302104074507951,0.0062986914999783,-0.9204357266426086,0.3896738886833191,0.0839640162700971,0.0880260808122902,-2.5237337434298026,0.0445296093821525,0.0306103881448507,-0.1658655256032943,0.0322338909097015,-0.34802704308182,-10.046794692277908,14962.0
121.1,3.5,220.0,21.37626266479492,23.012434005737305,-79.78279870954347,40.45893221135941,297.05460583496085,0.0340490415692329,-0.0014021196402609,-0.9199322462081908,0.3905937671661377,0.1350197138694632,0.0178883771739165,-2.499592225015395,0.082413762807846,0.0401657149195671,-0.1706968992948532,0.3396292354166508,-0.4198837320506573,-9.900514898300171,14962.0
121.3,3.5,219.0,21.38126945495605,23.441829681396484,-79.78279853550688,40.458932166105534,296.5602859191895,0.0235656052827835,0.0062064207158982,-0.9222947955131532,0.385718286037445,0.0893009897552369,0.0047060732747,-2.430119818111959,-0.0836533308029174,-0.1042391583323478,0.1765755414962768,-0.0664601611671969,-0.5584584306925535,-10.255677115917209,14961.0
121.4,3.5,218.0,21.39253807067871,23.03628921508789,-79.78279862581816,40.45893197647591,296.3285010986328,0.0202487837523222,0.008684804663062,-0.9237290620803832,0.3824123442173004,0.0863225404565692,0.0471126929607524,-2.395326186501451,-0.0511623881757259,0.0179271511733531,-0.0679116919636726,-0.0323108548857271,-0.4075709576904774,-10.165679111480712,14961.0
121.5,3.5,216.0,21.331188201904297,23.974597930908203,-79.78279853724402,40.45893194975718,296.09024273681644,0.0180873051285743,0.008684379979968,-0.9248926639556884,0.3796986937522888,0.065586628246579,0.0802747346074237,-2.361172041276013,-0.0399031154811382,0.1479198038578033,-0.0915766358375549,0.2200912436842918,-0.3578808074444533,-10.242008664608004,14961.0
121.7,3.400000095367432,216.0,21.358732223510746,23.903032302856445,-79.78279843197319,40.45893174260046,295.6362880401612,0.0279959086328744,-0.0007760752923786,-0.9251970052719116,0.3784523010253906,0.0466509391322479,0.0610084530113605,-2.292588837889692,-0.0581773594021797,0.142983078956604,-0.1655988842248916,0.2849985168501735,-0.3432420837879181,-10.176723332405093,14960.0
121.9,3.400000095367432,215.0,21.37876510620117,23.473636627197266,-79.78279845982915,40.45893159325372,295.1942828826905,0.0350175835192203,-0.0051970984786748,-0.9261865615844728,0.3754003047943115,0.1162372222313863,-0.0283475325206442,-2.2409322565063787,-0.0234338901937007,0.0535628609359264,0.0353527404367923,0.2297435714676976,-0.4754184301570058,-10.164765776395797,14960.0
122.0,3.400000095367432,219.0,21.26608085632324,24.777727127075195,-79.78279841998472,40.45893159061336,294.97197758483884,0.0295888483524322,-0.0060083018615841,-0.9277721047401428,0.3719240427017212,0.1028761739784881,-0.0741540137211282,-2.193649882439968,-0.2607849538326263,-0.0368141010403633,0.2695425450801849,-0.0949363252334296,-0.6008008235692979,-10.18034860610962,14959.0
122.11,3.299999952316284,218.0,21.361236572265625,23.545202255249023,-79.78279859864803,40.45893143615068,294.77006375122073,0.0254140105098486,-0.0073586176149547,-0.9297110438346864,0.3673384487628937,0.1229336875357597,-0.0877840907638126,-2.1450264709604454,-0.0371840558946132,-0.0482834577560424,0.1916441172361374,0.1306200916506349,-0.7757180140167476,-10.250711660385132,14959.0
122.31,3.299999952316284,217.0,21.35247230529785,23.48158836364746,-79.7827986530248,40.458931483468966,294.3486083679199,0.0162906516343355,-0.002212525345385,-0.9363584518432616,0.3506603538990021,0.0569535160765833,-0.1069581366053886,-2.0576821353499435,-0.0603452995419502,-0.0696486979722976,0.2039438039064408,0.146895405286923,-0.4510463947802783,-10.227768355607989,14959.0
122.4,3.2000000476837163,217.0,21.435108184814453,21.000635147094727,-79.78279876304887,40.458931381974615,294.1571048431397,0.0120770074427127,0.0029824583325535,-0.9391300082206726,0.3433369100093841,0.0275486474050867,-0.0781322953494693,-2.019233084486421,-0.1131586134433746,-0.1374363899230957,0.1173234283924102,-0.0691807381343096,-0.4308480653911829,-10.247160061597825,14959.0
122.6,3.2000000476837163,215.0,21.390033721923828,23.0203857421875,-79.78279891752723,40.458931419439466,293.7681449584961,0.0123407561331987,0.0072194514796137,-0.942237377166748,0.3346405327320099,-0.0011518565736236,-0.0280005622773446,-2.002036340247583,0.0131933828815817,-0.0437718145549297,0.1280146539211273,0.0765954050095752,-0.5409925417229533,-9.93795462012291,14958.0
122.8,3.2000000476837163,214.0,21.341203689575195,23.49749183654785,-79.78279884036536,40.45893155387638,293.3734134368897,0.015088670887053,0.0065266513265669,-0.9430450201034546,0.3322588205337524,-0.027823049089234,-0.0216271998098398,-1.9342832209669245,0.1055070832371711,0.1185013353824615,-0.1392233371734619,0.023748868368566,-0.3594434392824769,-10.184283782243732,14958.0
122.9,3.0999999046325684,214.0,21.427595138549805,21.74015045166016,-79.78279893894627,40.45893155022367,293.1965011291504,0.0189242959022522,0.0053553148172795,-0.9427334666252136,0.3329668343067169,-0.0108662883413344,-0.0217543118662591,-1.9153497728684084,0.2190155982971191,0.0424816906452178,-0.0701548382639885,0.159765940066427,-0.6428116062283517,-10.136983315944672,14958.0
123.0,3.0999999046325684,214.0,21.38252258300781,22.551231384277344,-79.782798865298,40.4589316225425,293.00605618286136,0.0171003919094801,0.0058079175651073,-0.9423437118530272,0.3341588377952576,-0.0200056519027181,-0.0267783764300249,-1.8974678828934493,0.0083402255550026,-0.0394762642681598,-0.065567709505558,0.1345223315153271,-0.6183014669269323,-10.063622978925702,14958.0
123.2,3.0999999046325684,214.0,21.4238395690918,22.37629127502441,-79.7827989950967,40.45893166195528,292.6466716461182,0.0144427129998803,0.0090550277382135,-0.9416480660438538,0.3361670970916748,-0.0358880684543011,0.0003859777636088,-1.8755541971480727,0.0464480742812156,-0.0306644607335329,-0.0414360463619232,0.1729424395412206,-0.5887392967566848,-9.925104779005054,14957.0
123.41,3.0999999046325684,213.0,21.32993507385254,23.664478302001957,-79.78279909330097,40.458931826084616,292.30190693664554,0.0154458321630954,0.010199605487287,-0.9410877227783204,0.337655633687973,-0.055774648132064,0.00835486826182,-1.8523239500180584,-0.0443786606192588,-0.0454743392765522,-0.1139766275882721,-0.0526831663493067,-0.6190963958948851,-9.930402356386184,14957.0
123.5,3.2000000476837163,213.0,21.39629364013672,22.821590423583984,-79.78279899915564,40.45893189645176,292.11798321533206,0.0167142264544963,0.0090201804414391,-0.9411897659301758,0.3373444080352783,-0.0383728245919101,0.0110786600970596,-1.8328930663111995,0.0520884320139884,0.0748912617564201,0.0165218189358711,-0.0040357345389202,-0.5440111302584411,-9.938162781000136,14957.0
123.7,3.2000000476837163,214.0,21.41006660461425,21.19942855834961,-79.78279908303277,40.45893181786079,291.7873634033204,0.0158480331301689,0.0063517373055219,-0.9416529536247252,0.3361523747444153,-0.0342619655865512,0.0188804797585776,-1.7907330478272,-0.0027102348394691,0.1248835399746894,-0.1418508887290954,0.053189252000302,-0.0847239255532622,-9.955498605966568,14956.0
123.8,3.2000000476837163,214.0,21.38001823425293,22.51942443847656,-79.78279897918705,40.45893186697082,291.60882031250014,0.0153925046324729,0.0058759292587637,-0.9419394731521606,0.3353785276412964,-0.0321820202941403,0.0214700834387672,-1.7878607168531817,0.082633763551712,0.1377463191747665,-0.0791948735713958,0.1803216987848282,-0.3674127191305161,-9.866475917100908,14956.0
124.0,3.2000000476837163,214.0,21.421335220336918,21.469789505004886,-79.78279911881545,40.458931834622994,291.29925000000014,0.0147384135052561,0.0058295130729675,-0.9418984055519104,0.3355240523815155,-0.0400983677404743,0.0205324328347332,-1.7470072508781396,0.0014979933621361,0.1407151073217392,-0.0594510026276111,0.1681117257848382,-0.4901827958598733,-9.970801938772205,14956.0
124.1,3.299999952316284,213.0,21.3599853515625,22.511472702026367,-79.78279915936544,40.45893177243352,291.16206776428226,0.014402843080461,0.0053155086934566,-0.9415948390960692,0.3363978564739227,-0.0440814905921593,0.0222340174187954,-1.7165029962512004,0.0449929907917976,0.0093364026397466,-0.0421442240476608,0.0247009184164926,-0.5816502421349288,-9.996585820913316,14956.0
124.3,3.299999952316284,213.0,21.448881149291992,20.579191207885746,-79.78279904308431,40.45893181884361,290.99181782531736,0.0153857581317424,0.0037482914049178,-0.9413557052612304,0.3370441198348999,-0.0589679348003165,0.0268128825516594,-1.6980748622686384,0.0432493537664413,0.0327341742813587,-0.0709936842322349,0.1245681046787649,-0.4661074701324106,-9.958958988189698,14955.0
124.4,3.299999952316284,215.0,21.42509078979492,21.263044357299805,-79.7827990890509,40.45893183634495,290.6934455566406,0.0142966331914067,0.0028957978356629,-0.9414951801300048,0.3367107510566711,-0.0739022101364741,0.0115161655258202,-1.6803546492558017,-0.1019671261310577,-0.1245716139674186,0.0422253012657165,-0.1010522661264986,-0.631607317775488,-9.772465553283691,14955.0
124.6,3.299999952316284,214.0,21.322423934936523,23.608816146850582,-79.78279910486779,40.45893183692198,290.40280949401864,0.0159789063036441,0.0050272345542907,-0.9421215653419496,0.3348530232906341,-0.0618419756271168,0.0122293382247064,-1.6628836500985027,0.056403137743473,0.0543266274034976,0.025429118424654,0.0551731939986348,-0.2725284523889422,-9.73725654423237,14955.0
124.7,3.299999952316284,214.0,21.427595138549805,21.962799072265625,-79.78279898243646,40.45893188997726,290.2373984985352,0.0176855400204658,0.0066257291473448,-0.9426213502883912,0.3333291411399841,-0.0726387329666845,0.0217457521959828,-1.6504353240409524,-0.0759821459650993,0.0291558485478162,-0.1222976893186569,0.0174085405748337,-0.0644995851907879,-9.851059148311617,14955.0
124.9,3.299999952316284,214.0,21.38126945495605,22.82954216003418,-79.78279885350909,40.45893194465895,290.0729964904785,0.0180400107055902,0.0062047932296991,-0.9428508281707764,0.3326687514781952,-0.0635208105586924,0.0262101168780977,-1.6436633467526858,-0.0223217755556106,0.1235276982188224,-2.86825106741162e-05,0.0365315121877938,-0.3817168358713389,-9.89415429711342,14955.0
125.0,3.2000000476837163,213.0,21.473920822143555,19.65678596496582,-79.78279894248519,40.4589319092451,289.7984050445557,0.0148391602560877,0.004032043274492,-0.9427520036697388,0.3331398367881775,-0.061487542798445,0.02277946538067,-1.6080382805147326,-0.071581907570362,-0.0954099670052528,0.1879858672618866,-0.0011421896237879,-0.5355303652212025,-9.812213755846024,14954.0
125.2,3.2000000476837163,214.0,21.427595138549805,21.978702545166016,-79.78279897921797,40.45893194269062,289.5143798522949,0.016851270571351,0.0066213221289217,-0.9422712922096252,0.3343605995178223,-0.052292982186598,0.0226652296615482,-1.6172978364419677,0.0394755862653255,0.0196542348712682,0.0617351196706295,0.090286582801491,-0.4191573616862297,-9.791577177643775,14954.0
125.3,3.2000000476837163,214.0,21.364994049072266,23.65652656555176,-79.78279886721504,40.45893198821718,289.35253750610354,0.0178074073046445,0.0064169135875999,-0.9419615268707277,0.3351869583129883,-0.0591366394018447,0.0302040346237168,-1.6236320090638798,-0.1585278362035751,-0.1572579145431518,0.0838372185826301,0.0121231372794136,-0.5792834354192019,-9.71437521994114,14954.0
125.4,3.2000000476837163,214.0,21.35247230529785,23.990501403808597,-79.78279904602451,40.45893182359294,289.24254833984384,0.0164554417133331,0.0056346654891967,-0.9415671825408936,0.3363759517669678,-0.0298577019828098,0.0344815906045816,-1.5791067336950446,-0.0500304512679576,0.0095351068302989,0.1393993496894836,0.0366927674319595,-0.5668098626285791,-9.938478530645371,14954.0
125.6,3.2000000476837163,214.0,21.362489700317383,23.06014442443848,-79.78279907990142,40.45893178021291,288.97344242858884,0.0163718424737453,0.0032095673959702,-0.9406573176383972,0.3389476537704468,-0.0376012502364034,0.0271985786696291,-1.520622460893147,-0.0305192023515701,0.030301222577691,-0.2074326872825622,0.0488407827867195,-0.2491084533557296,-9.948729869127272,14953.0
125.7,3.2000000476837163,212.0,21.30739974975586,24.05411529541016,-79.78279897808798,40.45893180714636,288.82225643920896,0.0162337832152843,0.0037273541092872,-0.9403746128082277,0.3397325277328491,-0.0281927836753739,0.0199104752886532,-1.5044600904754706,0.0292732361704111,0.1024689897894859,-0.1283902525901794,0.0592495164368301,-0.4701882784813643,-9.974811959266663,14953.0
125.9,3.0999999046325684,212.0,21.35372543334961,21.072200775146484,-79.78279903197004,40.45893171515657,288.5648425750732,0.0165496803820133,0.0057745296508073,-0.9402243494987488,0.3401045203208923,-0.023840342923909,0.0238178690333475,-1.4371780396192817,0.0931027010083198,0.0785261914134025,0.1014949232339859,-0.0282573411567136,-0.426259535998106,-10.047042614221573,14953.0
126.1,3.0999999046325684,212.0,21.38001823425293,22.670507431030277,-79.78279904812706,40.45893168051781,288.3083480529785,0.0151479430496692,0.0060703372582793,-0.9401838183403016,0.3402766287326813,-0.0277498391979413,0.0305163417639902,-1.4109705243615362,0.0354317761957645,0.0170002449303865,-0.022667784243822,-0.0431795131601393,-0.196288818474859,-9.917303423881531,14953.0
126.2,3.0999999046325684,212.0,21.37250518798828,22.050268173217773,-79.78279895075202,40.45893170205672,288.16808735656736,0.014716638252139,0.0061765233986079,-0.9401981830596924,0.3402537405490875,-0.0320588442703835,0.0344543143001673,-1.397193834065371,0.0227496791630983,-0.0735946893692016,0.149905264377594,-0.1370632482133806,-0.5489722734689713,-9.905249973535536,14953.0
126.3,3.0999999046325684,212.0,21.38377380371093,22.980627059936523,-79.78279884585504,40.45893171903685,288.0289825134277,0.0158886238932609,0.0083724055439233,-0.9402552247047424,0.3399964272975921,-0.0504304569946307,0.0474316855940604,-1.3921408180700732,-0.0338090658187866,-0.1312861144542694,0.0341217070817947,-0.0490986769739538,-0.2288937152177095,-9.846962589025498,14953.0
126.5,3.0999999046325684,211.0,21.375009536743164,22.43195343017578,-79.78279892764365,40.45893166018125,287.7814601593018,0.01703542470932,0.0107340039685368,-0.9401703476905824,0.3401091694831848,-0.0303497952347491,0.0639851025804404,-1.3541608020256104,-0.0951301231980323,0.0264187399297952,0.0367929674685001,0.0613459716551005,-0.3564135948568582,-10.032502927780152,14952.0
126.7,3.2000000476837163,211.0,21.289871215820312,23.63267135620117,-79.78279885766361,40.45893153214423,287.5476821594238,0.0190683398395776,0.0062141483649611,-0.9402320384979248,0.3399433791637421,-0.011889744396866,0.0785046867943037,-1.2949303254288158,-0.0112030105665326,0.0201488435268402,0.0161084290593862,0.0854519587196409,-0.461346009336412,-10.123337084054947,14952.0
126.8,3.2000000476837163,210.0,21.431352615356445,21.70039176940918,-79.7827987436031,40.45893151731868,287.4204105072022,0.019881946966052,0.0051716370508074,-0.9403104782104492,0.3396973609924316,-0.0216302061455146,0.0805273429305588,-1.2580021421365677,-0.1261148601770401,-0.0728856921195983,0.0072732693515717,0.1884350028634071,-0.5258687549829484,-10.133456275463104,14952.0
127.0,3.2000000476837163,211.0,21.391286849975582,21.70834350585937,-79.7827989011369,40.45893144728112,287.1889499359131,0.0205079466104507,0.0049079279415309,-0.9403480291366576,0.339559942483902,0.0139332510643304,0.056452386633776,-1.2530032629153554,-0.0273195542395114,0.063530646264553,-0.078141838312149,0.1939467345178127,-0.4980365566536785,-9.877185677289964,14952.0
127.1,3.2000000476837163,212.0,21.3599853515625,22.408098220825195,-79.7827990413753,40.458931319574745,287.0878738098145,0.0200827922672033,0.0050249085761606,-0.9405155777931212,0.3391194343566894,0.0272703112187414,0.0537080107395706,-1.2490221201413116,0.0199687350541353,0.0180360153317451,0.0609636344015598,0.109144328366965,-0.4612088555842638,-9.901810641288757,14952.0
127.21,3.2000000476837163,212.0,21.39629364013672,21.636775970458984,-79.78279896881766,40.45893129505623,286.963634841919,0.0177749078720808,0.0054339184425771,-0.9407400488853456,0.3386187851428985,0.0326573024549665,0.0585555977113907,-1.235233071438892,0.0334499068558216,0.0098774991929531,-0.097588449716568,0.2031613982096314,-0.4090101767331362,-9.951266391277311,14951.0
127.4,3.299999952316284,211.0,21.342456817626957,23.67243003845215,-79.78279892633941,40.45893124552804,286.7408565216065,0.0160682033747434,0.0049787000752985,-0.9412156939506532,0.337387353181839,0.00747893949763,0.0567267038321164,-1.2181080392322663,-0.0436906442046165,0.0725153759121894,-0.1077750846743583,0.1043382460065186,-0.3689587960392237,-9.901079739332197,14951.0
127.6,3.299999952316284,209.0,21.377513885498047,22.29677391052246,-79.78279889869425,40.45893112238528,286.523262374878,0.0165152940899133,0.0010888546239584,-0.941254496574402,0.3372924029827118,0.0036661800852199,0.0465783362458416,-1.1812512608177566,-0.0159332379698753,0.0946477875113487,-0.202034518122673,0.1277990110963583,-0.3081191749870777,-9.946707901954651,14951.0
127.7,3.299999952316284,210.0,21.29362678527832,24.435800552368164,-79.78279882027026,40.45893110890757,286.40611874389646,0.0164104383438825,0.0013504734961315,-0.9411236047744752,0.3376615643501282,-0.0046067607996338,0.039132496429563,-1.162122910794256,0.0520817749202251,0.0544201023876667,-0.1459706425666809,0.0288646887056529,-0.1816435349732637,-9.999797111749649,14951.0
127.9,3.2000000476837163,210.0,21.29863548278809,23.592912673950195,-79.78279885604735,40.45893113037615,286.1948474578857,0.0152788748964667,0.0015478513669222,-0.9407739639282228,0.3386865258216858,-0.0167273310201182,0.025291459760459,-1.1420013178676205,0.029875474050641,-0.0030834386125206,-0.1067115142941474,0.0521020079310983,-0.5552761566638946,-9.970193828344346,14951.0
128.0,3.2000000476837163,212.0,21.357481002807614,22.034364700317383,-79.78279877604362,40.45893114277872,286.0815433197022,0.0136521775275468,0.0020039484370499,-0.940627932548523,0.3391588926315308,-0.0155651756076055,0.0237333851320462,-1.126149245005576,0.1075742989778518,0.0602254383265972,-0.0716095492243766,0.1207566885184496,-0.382975047044456,-9.970646402835849,14951.0
128.2,3.2000000476837163,213.0,21.351221084594727,22.44785690307617,-79.78279893654295,40.45893101970199,285.87434136199954,0.0135658467188477,0.0019921821076422,-0.940342366695404,0.3399533629417419,-0.0175439830090979,0.021555968286591,-1.1409908371562842,0.0001228415931109,0.1259141713380813,-0.1738437414169311,0.1962479793280363,-0.3051979608647525,-9.794023067951205,14950.0
128.3,3.0999999046325684,213.0,21.42634391784668,21.167621612548828,-79.78279886422423,40.45893103280451,285.76030480194095,0.0136433728039264,0.0015968681545928,-0.940191090106964,0.3403705656528473,-0.0279405894816208,0.0237155345636654,-1.1439204786487622,0.0289044138044118,0.0314815007150173,0.0411179475486278,0.0755918720550835,-0.4359823592752218,-9.75152199625969,14950.0
128.4,3.0999999046325684,213.0,21.40255546569824,22.217256546020508,-79.78279900150275,40.45893092405948,285.6748908691406,0.0143556920811533,0.0019507467513903,-0.9401176571846008,0.3405422270298004,-0.0239034153098765,0.0228997299067825,-1.1501714653369384,-0.0331312641501426,-0.0255726743489503,-0.020106891170144,0.1600663955882191,-0.3368551701307297,-9.756044232845309,14950.0
128.6,3.0999999046325684,213.0,21.411319732666016,22.630748748779297,-79.78279927071625,40.45893083786947,285.4901422195435,0.0166964773088693,0.0025946230161935,-0.9400300979614258,0.3406729698181152,-0.0022420952509884,0.0108458912364722,-1.1201692679506543,-0.1211028695106506,-0.0011320194462314,-0.1477115750312805,0.1523611723445355,-0.2384184275195002,-9.853105673789976,14950.0
128.81,3.0,212.0,21.415075302124023,21.326658248901367,-79.78279918444143,40.45893085321514,285.2669242553711,0.0146747529506683,0.0024680248461663,-0.9399954080581664,0.340862512588501,-0.0001496688484199,0.013636052128646,-1.1123797166402558,-0.0010788274230435,-0.0514882877469062,0.0063491887412965,0.117677142759785,-0.5692836733907461,-9.878876692056656,14950.0
128.9,3.0,213.0,21.302391052246094,24.157489776611328,-79.78279938872326,40.45893086755172,285.1900809936524,0.0149110853672027,0.0035155429504811,-0.9400644302368164,0.340652734041214,0.005018151667209,0.0071296315207823,-1.1097289329214006,0.0302663017064332,-0.0880579501390457,0.1402313858270645,0.0494314566347748,-0.480578159429133,-9.735248610377312,14950.0
129.1,3.0,214.0,21.421335220336918,22.082077026367188,-79.78279934582338,40.45893087689632,285.07958065795896,0.0147742955014109,0.0048518204130232,-0.9402547478675842,0.3401166200637817,-0.0139615795268177,0.0170343312325023,-1.0967694285333036,-0.1220973581075668,-0.0751923695206642,0.0870232060551643,0.0190931782219558,-0.3829129203781485,-9.89652592778206,14950.0
129.2,2.900000095367432,215.0,21.357481002807614,23.1873722076416,-79.78279939626489,40.45893087146314,284.8921083145142,0.0124917356297373,0.0047719962894916,-0.9402763843536376,0.3401494026184082,-0.009020687474247,0.0296578936357669,-1.0629375054851158,0.0576387979090213,0.0572753250598907,0.0603780746459961,0.1330177789740264,-0.4034876277297735,-9.965070497989656,14949.0
129.4,2.900000095367432,215.0,21.37375831604004,22.972675323486328,-79.78279948961192,40.45893077361344,284.7065633468628,0.0138660566881299,0.0056783738546073,-0.9401183128356934,0.3405189216136932,-0.0024506563228463,0.0479142421791898,-1.0576135797102677,0.0759432017803192,-0.0281139239668846,0.0131192170083522,0.0523860409995541,-0.45273726336658,-9.904785704612731,14949.0
129.5,2.900000095367432,214.0,21.415075302124023,21.06424903869629,-79.78279940970941,40.45893076104553,284.60092007446286,0.0126685425639152,0.0054225018247962,-0.9399541020393372,0.3410226404666901,-0.0190009028959657,0.0583058801812817,-1.0552290920662013,-0.0978763252496719,-0.032222956418991,0.1273419857025146,0.0081938083609566,-0.445096268132329,-9.810765985250471,14949.0
129.6,2.799999952316284,214.0,21.39253807067871,22.654603958129893,-79.78279968073032,40.45893066689955,284.5237697296143,0.0113558294251561,0.0043863761238753,-0.9397032856941224,0.3417740762233734,-0.0011108978109504,0.0566802191112386,-1.0512358499599237,-0.0726887658238411,-0.0350428782403469,-0.0562173649668693,0.0201094471430406,-0.2663906666636467,-9.739090231060985,14949.0
129.8,2.799999952316284,212.0,21.348716735839844,22.63870048522949,-79.78279952983301,40.45893062132736,284.31488072204587,0.0116241304203867,0.0011408095015212,-0.9393108487129213,0.3428685367107391,-0.013573521864313,0.0658849111295018,-1.0301615774941524,0.011066535487771,0.0144899450242519,-0.0091413687914609,0.0877872087433934,-0.2959786376729608,-9.943846274614335,14949.0
130.0,2.799999952316284,213.0,21.38627815246582,21.469789505004886,-79.78279959707525,40.4589304210123,284.1447604827881,0.0116100590676069,-0.0009408570476807,-0.9391619563102722,0.3432771265506744,-0.0115066392897453,0.0645404597717557,-0.9940683196944908,0.0101565569639205,0.0372556485235691,0.0825649946928024,0.1627665301412344,-0.3798987172544003,-9.945012209415436,14949.0
130.1,2.799999952316284,213.0,21.395042419433597,21.899185180664062,-79.78279978599835,40.458930287119664,284.0685037307739,0.0093944221735,-0.0003141288179904,-0.9392629861831664,0.3430696725845337,-0.0127139459899268,0.0573995694463139,-0.9901928581136896,-0.1019591391086578,0.012932295911014,-0.2060474157333374,0.1962083827145397,-0.0944431308656931,-9.859185608625411,14949.0
130.3,2.799999952316284,212.0,21.437612533569336,21.104007720947266,-79.78279962168745,40.45893025422702,283.87038933563235,0.0075976555235683,-0.0026967593003064,-0.939842402935028,0.3415132164955139,-0.0359247073274624,0.0512566358776776,-0.9911998262700872,0.0684848204255104,0.0294022969901561,-0.0153208933770656,0.1303852893970906,-0.2943264703452587,-9.814473119974137,14948.0
130.4,2.799999952316284,211.0,21.39629364013672,22.225208282470703,-79.78279959431497,40.4589302735421,283.7917379074097,0.0096731949597597,-0.0030056326650083,-0.9400894045829772,0.3407775461673737,-0.0662972035110599,0.0379380552352065,-1.0059636603900954,-0.0340897999703884,-0.0694198608398437,0.0642321482300758,0.0740328947268426,-0.2628865399584174,-9.659366953969002,14948.0
130.5,2.700000047683716,211.0,21.41006660461425,21.08015251159668,-79.78279948838075,40.45893028662584,283.69036232757566,0.0117604853585362,-0.0015678931958973,-0.940184772014618,0.3404582738876343,-0.0725205298693561,0.0339933565317099,-1.0231044153450966,-0.0420064181089401,-0.0034759384579956,-0.0475386083126068,0.1818542905524372,-0.1351938111428171,-9.706696656346322,14948.0
130.7,2.700000047683716,210.0,21.32743263244629,23.91893577575684,-79.78279954295147,40.45893020557754,283.51437317657474,0.0098650082945823,0.0008070619078353,-0.9398781061172484,0.3413667678833008,-0.0503301820393648,0.0260801292061843,-1.0568078161752132,0.0571861900389194,-0.0078006610274314,0.1145637780427932,-0.0547726140450686,-0.3646529795229435,-9.585666308999064,14948.0
130.8,2.700000047683716,210.0,21.4138240814209,19.92714500427246,-79.7827994376469,40.45893022722218,283.40874611663816,0.0087330164387822,0.0012557851150631,-0.93958979845047,0.3421890735626221,-0.0599189588990364,0.0365689796848785,-1.059003347036678,0.0746705457568168,-0.0108214830979704,-0.1404231041669845,0.0647520707035437,-0.1158136990852654,-9.729795497059822,14948.0
131.0,2.700000047683716,210.0,21.336196899414062,22.972675323486328,-79.78279950456589,40.45893020240792,283.22820221710214,0.0107391318306326,0.0019252616912126,-0.9388615489006042,0.3441221714019775,-0.0692678767169172,0.0291871600041063,-1.089391230327692,0.0064496821723878,-0.0104363122954964,0.096588522195816,0.0298813276458531,-0.4769824141636491,-9.609546922445295,14948.0
131.2,2.700000047683716,210.0,21.42634391784668,21.398223876953125,-79.78279963024383,40.458929999947394,283.0546296768189,0.010467474348843,0.0008191700326278,-0.938080072402954,0.3462594151496887,-0.0545583702086075,0.0445188830122638,-1.0643726500017023,-0.1427658647298813,-0.1169320419430732,0.0817684307694435,0.0190205288515426,-0.3982716555520892,-9.692120717167857,14948.0
131.3,2.700000047683716,210.0,21.35497665405273,22.84544563293457,-79.78279952810432,40.45893000406065,282.94712578582767,0.0109266452491283,0.0007142590475268,-0.9378173947334292,0.346956342458725,-0.0454808310140969,0.0455841749487825,-1.0898731143971758,0.0455636419355869,0.086267665028572,0.0295458175241947,0.0781766520068049,-0.3042612551897764,-9.616729642152787,14947.0
131.41,2.700000047683716,211.0,21.39629364013672,20.99268341064453,-79.78279960444263,40.45893003057434,282.86873184967044,0.0122504187747836,0.0001760115555953,-0.937619924545288,0.3474461734294891,-0.0525340606157956,0.0354491087834082,-1.0839182650341217,0.0426952466368675,0.0919817984104156,-0.0992036089301109,0.0630743218073621,-0.1100784758850932,-9.646926417946815,14947.0
131.6,2.5999999046325684,213.0,21.362489700317383,23.012434005737305,-79.78279961130963,40.45893000810574,282.6785234146118,0.0149599127471447,0.0009300029487349,-0.9376394748687744,0.3472862541675568,-0.0471754142763041,0.0288928969739649,-1.0715051244861329,-0.0157142151147127,0.0743917152285575,-0.0279725678265094,0.1457802864443511,-0.1948550629243254,-9.775242980718614,14947.0
131.8,2.5999999046325684,212.0,21.3599853515625,22.288822174072266,-79.78279951589941,40.45893002766988,282.57193695831296,0.0142794968560338,0.002596684731543,-0.937943696975708,0.34648397564888,-0.051552360605119,0.0269426868386206,-1.0648511657082005,-0.0766500085592269,-0.1111268252134323,0.1095442324876785,0.0504120529722422,-0.4388633920624853,-9.845000263452528,14947.0
131.9,2.5999999046325684,212.0,21.387529373168945,21.90713691711425,-79.7827995772978,40.45893005751368,282.37839257049563,0.0118184890598058,0.0042121238075196,-0.9391058683395386,0.3433989882469177,-0.0415350827068298,0.0286830974661668,-1.0441107537004597,-0.0265592280775308,-0.0833014175295829,-0.0381824113428592,-0.0415137236472219,-0.1557759280130267,-9.817318375110627,14947.0
132.1,2.5999999046325684,212.0,21.37375831604004,21.350513458251957,-79.7827995638561,40.45893005540739,282.1814349822998,0.0109312087297439,0.0038679766003042,-0.9402199983596802,0.3403702974319458,-0.0397738267529118,0.0316247423625779,-1.0500075893781164,0.0083736618980765,0.1052334755659103,-0.093682087957859,0.0369968180777505,-0.0919840477779507,-9.758393644094468,14947.0
132.2,2.5999999046325684,212.0,21.368749618530277,22.86134910583496,-79.78279947911885,40.45893007423079,282.0755971603394,0.011825599707663,0.0031439324375241,-0.9404467940330504,0.339720755815506,-0.0459975214997083,0.0304503480613019,-1.069896464203545,0.0206898190081119,0.0589764490723609,0.0404222197830677,0.0890800829418003,-0.2457215085066855,-9.674818221330645,14947.0
132.3,2.700000047683716,211.0,21.32993507385254,22.614845275878903,-79.78279938930231,40.45893009280139,281.96837078857425,0.0123161254450678,0.0036078502889722,-0.9402237534523008,0.340315580368042,-0.0439793499138864,0.0318534869290852,-1.075099748383128,0.0373084731400013,0.0223866794258356,-0.0101058818399906,0.0652063262695446,-0.3314252264052629,-9.714374050498009,14946.0
132.51,2.700000047683716,209.0,21.368749618530277,21.597017288208008,-79.7827994405618,40.458930098004814,281.76998078155515,0.011772378347814,0.0026496639475226,-0.939174234867096,0.3432290852069855,-0.0275294113755252,0.0189269333843794,-1.0518156316373042,0.0880166217684745,0.0324235297739505,0.0578273013234138,0.0527449412690475,-0.4753891209885479,-9.8783375787735,14946.0
132.6,2.700000047683716,209.0,21.3700008392334,23.012434005737305,-79.78279954374696,40.45893010821791,281.6703447036744,0.010836886242032,0.0072936699725687,-0.9387349486351012,0.3443923592567444,-0.0357912982175877,0.0209920118792407,-1.067898050412495,0.0048628337681293,-0.1415900886058807,-0.1590955108404159,0.0586564260441809,-0.0804419912584126,-9.738100882172583,14946.0
132.81,2.700000047683716,206.0,21.41257095336914,21.604969024658203,-79.7827993916747,40.45893012851367,281.45833908844,0.0113661643117666,0.0108334831893444,-0.938300848007202,0.3454635143280029,-0.0338734706324692,0.0526728532234525,-1.050706321914742,-0.054564319550991,0.051589261740446,0.016680784523487,-0.1172689066082239,-0.2861331690475345,-9.845762740373614,14946.0
133.0,2.700000047683716,206.0,21.342456817626957,22.44785690307617,-79.78279944909569,40.45893009085452,281.25222527313235,0.0101639721542596,0.0097471056506037,-0.9380537271499634,0.3462036550045013,-0.0204471050328599,0.061925190336658,-1.0641746321233148,0.0480234399437904,-0.0118381008505821,0.0902253165841102,-0.1289653204847127,-0.4261963129788637,-9.830254755020142,14946.0
133.1,2.799999952316284,205.0,21.34621238708496,22.83749389648437,-79.78279951593876,40.45893002067739,281.1590007476807,0.012416117824614,0.0094376597553491,-0.9379594326019288,0.346394419670105,-0.0019554231182397,0.0691611293861665,-1.0592243764847742,0.113949179649353,0.0475371368229389,0.1428289264440536,-0.1228342864662409,-0.3559544422477484,-9.834391075372697,14946.0
133.3,2.799999952316284,203.0,21.31616401672364,21.779909133911133,-79.78279943387467,40.45892999418464,281.05340706634524,0.0125206718221306,0.0093813436105847,-0.937987208366394,0.3463167548179626,0.0033783479794101,0.079979802209562,-1.0520482800430022,0.0665460154414177,-0.0385155044496059,-0.0528393723070621,-0.0501210626307874,-0.2703941638581454,-9.86406569480896,14946.0
133.4,2.799999952316284,202.0,21.391286849975582,22.66255569458008,-79.78279928615088,40.45893010914008,280.84372555541995,0.0097989253699779,0.0070527181960642,-0.9378302097320556,0.3468844592571258,-0.0242253381219527,0.0754890305828474,-1.0515964118122163,0.0185983125120401,0.0034317739773541,-0.0937521606683731,0.010157271400094,-0.2265038120001554,-9.84658485889435,14945.0
133.6,2.799999952316284,203.0,21.40631103515625,21.0483455657959,-79.78279903224269,40.4589301346747,280.6247914962769,0.0092001520097255,0.0058869323693215,-0.9369946122169496,0.3491731584072113,-0.0524523100482043,0.082035209798577,-1.0744747686552794,0.057036604732275,0.0195860546082258,-0.0120814805850386,-0.0370240761525929,-0.2540748042427003,-9.7808071911335,14945.0
133.7,2.799999952316284,203.0,21.37876510620117,22.74207305908203,-79.78279889541113,40.45893012817765,280.5170816116333,0.008622882887721,0.0063955169171094,-0.9367195963859558,0.3499159514904022,-0.0688724999742211,0.0933800212172168,-1.086154217706342,-0.0944361984729766,-0.0582074858248233,0.0151590127497911,0.053910072077997,-0.2657881659083068,-9.6719133245945,14945.0
133.8,2.799999952316284,203.0,21.3700008392334,21.827619552612305,-79.78279874338666,40.45893011876596,280.40807568359384,0.0069460272789001,0.007601452525705,-0.93666011095047,0.3500882685184479,-0.0594598827222618,0.1076138378721851,-1.092918532447121,0.0566152557730674,0.0415663458406925,-0.072205901145935,0.181716076992452,-0.1479858561884612,-9.796287109851836,14945.0
134.01,2.700000047683716,200.0,21.364994049072266,22.535327911376957,-79.7827985598633,40.45893008928018,280.1871331863404,0.0085209654644131,0.0094266459345817,-0.9368085265159608,0.3496116399765014,-0.0820742645099047,0.1305207089278187,-1.0911083480244803,-0.0445460900664329,0.0487362258136272,-0.0845490619540214,0.1365901901945471,-0.1115061284042894,-9.903265428543092,14945.0
134.1,2.700000047683716,202.0,21.387529373168945,21.6685848236084,-79.78279864051349,40.45893002031936,280.08717190551755,0.0110430028289556,0.0077789067290723,-0.9367897510528564,0.349632054567337,-0.0469376440476501,0.1243955829915223,-1.0849228155568629,0.0788217037916183,0.0810424387454986,0.176464557647705,-0.0073993499111384,-0.4737935254722834,-9.8260038292408,14945.0
134.3,2.700000047683716,202.0,21.348716735839844,22.551231384277344,-79.78279830934225,40.45892995033065,279.8688501052857,0.012171677313745,0.0033499414566904,-0.9367598295211792,0.3497452735900879,-0.0591613514775296,0.1297432558028927,-1.0966448899607393,-0.0875913649797439,-0.0575643964111805,0.098630391061306,0.0073674003593623,-0.4147521059587598,-9.78617025732994,14944.0
134.41,2.5999999046325684,201.0,21.41632652282715,21.11195945739746,-79.78279831703848,40.45892975776653,279.7707952194214,0.0111978529021143,0.0012282590614631,-0.9368014931678772,0.3496801853179932,-0.0334887010414366,0.1372985496738264,-1.084658017880634,-0.0630327090620994,0.1094278395175933,0.0126827005296945,0.0818125786073506,-0.2436195258423686,-9.823863748311997,14944.0
134.6,2.5999999046325684,203.0,21.34996795654297,22.37629127502441,-79.78279818079439,40.458929584624826,279.569215171814,0.0116817820817232,-0.0009979236638173,-0.9366632103919984,0.3500353395938873,-0.022087515119484,0.1217261096255432,-1.0914007225167737,0.0449574254453182,0.0146783497184515,-0.0087267728522419,-0.0216598774865269,-0.2887896139360964,-9.707554442882536,14944.0
134.8,2.5999999046325684,201.0,21.364994049072266,22.54327964782715,-79.78279803788845,40.45892952904136,279.460234992981,0.0125714838504791,-0.0033275426831096,-0.9365761876106262,0.3502227663993835,-0.0343641385398168,0.1125470110969916,-1.093313683063834,-0.072723165154457,0.0888762697577476,0.0259578209370374,-0.0067731039784848,-0.2561385059170425,-9.721684239506724,14944.0
134.9,2.5,201.0,21.4238395690918,21.28689956665039,-79.78279806434742,40.458929222186335,279.25817143249515,0.0106959966942667,-0.0080725168809294,-0.9362659454345704,0.3510364890098572,0.0008838803611497,0.0819942451957945,-1.0998391199210515,0.0320718809962272,0.0162562057375907,0.0045867525041103,0.0511628811433911,-0.2516715986095369,-9.682937080264091,14944.0
135.0,2.5,202.0,21.37375831604004,21.000635147094727,-79.78279796168789,40.45892917163911,279.14736496734616,0.0101374797523021,-0.0081841042265295,-0.9363476037979126,0.3508325517177582,-0.0177203376496118,0.0713578221886343,-1.1198890263122747,-0.0362739115953445,0.1085235476493835,-0.1145085617899894,0.1859521289169788,0.0123396167345345,-9.566629528999329,14944.0
135.2,2.5,202.0,21.37125396728516,21.930992126464844,-79.78279790028671,40.45892901645527,278.937361114502,0.0106614865362644,-0.0065361182205379,-0.9365058541297911,0.3504291176795959,-0.0216615492601118,0.042984513217106,-1.1489134500111031,-0.0553538426756858,0.0132108414545655,-0.0132971741259098,0.0991877626441419,-0.1344738087616861,-9.63742586195469,14943.0
135.4,2.5,202.0,21.314910888671875,23.20327568054199,-79.78279799907561,40.45892889734633,278.73594986724856,0.0102448295801878,-0.0032437124755233,-0.9367011189460754,0.3499651849269867,0.0032610378004892,0.02528357431047,-1.1420796519962009,0.0278843827545642,-0.0363724157214164,-0.0993096381425857,0.2080771524086594,-0.1776520428434014,-9.76671890974045,14943.0
135.5,2.400000095367432,202.0,21.30990219116211,23.02833747863769,-79.78279794805786,40.458928882243264,278.62221562194827,0.0098709100857377,-0.0019472438143566,-0.9365846514701844,0.3502970933914185,-0.0087937461310379,0.0225369804265444,-1.1330943056619351,-0.033337078988552,0.0106515744701027,0.1138432472944259,0.007246956853196,-0.372371815815568,-9.823650909662248,14943.0
135.6,2.400000095367432,202.0,21.34996795654297,22.72616958618164,-79.7827980807771,40.458928829033134,278.5286754302979,0.0098704248666763,-0.0015208914410322,-0.9364233016967772,0.3507303595542908,0.002963055578793,0.0176450425610061,-1.10422145918921,-0.0890991985797882,-0.0031481909099966,-0.0852391645312309,0.0589946006750688,-0.0696873080078512,-9.918876324892045,14943.0
135.8,2.400000095367432,201.0,21.25356101989746,24.82543754577637,-79.78279800772755,40.45892880870919,278.3090604476929,0.0090897679328918,-0.0019082921789959,-0.9369701147079468,0.3492861986160278,0.0026432519040266,0.0208220429573761,-1.0918555417772318,0.0490970835089683,0.0021044344175606,-0.098963938653469,0.0965708138700574,-0.1523545942269265,-9.859822955131529,14943.0
135.9,2.400000095367432,203.0,21.336196899414062,22.11388397216797,-79.7827980174673,40.45892877094939,278.20999275970456,0.0077345678582787,-0.0021229060366749,-0.937320590019226,0.3483759164810181,-0.0110222437657367,0.0173931002612621,-1.0650758006516277,-0.0200757142156362,-0.1071514934301376,0.1014443486928939,0.0309942172374576,-0.3276720083132386,-9.971635751724245,14943.0
136.1,2.400000095367432,205.0,21.364994049072266,21.756053924560547,-79.7827981180074,40.458928875361096,278.000949256897,0.0076492549851536,-0.0015182883944362,-0.9374968409538268,0.3479065597057342,-0.0330750227067723,-0.0144897631044753,-1.0695813575186817,-0.0098964283242821,-0.0488312430679798,0.0598400235176086,0.0283373657846823,-0.312619923055172,-9.765150101780891,14943.0
136.3,2.400000095367432,205.0,21.29988670349121,24.17339324951172,-79.78279802184387,40.458928936723936,277.78424917984006,0.0091406144201755,-0.0006444533355534,-0.9376394152641296,0.3474887311458588,-0.0493065281682904,-0.0018340526652444,-1.0931333833683148,-0.0155751686543226,-0.027165250852704,0.0775575786828994,0.1033557127788663,-0.3010044839791954,-9.672612651586531,14942.0
136.4,2.5,206.0,21.357481002807614,22.05821990966797,-79.78279829204963,40.45892903801136,277.69115578460696,0.0085575832054018,0.0018349228193983,-0.937911570072174,0.3467639982700348,-0.0391379747013199,-0.0268536916513282,-1.0696725580489943,-0.0255915224552154,-0.1115497946739196,-0.0507210567593574,0.1888394474610686,-0.1684720239043236,-9.914923607110977,14942.0
136.51,2.5,207.0,21.37250518798828,22.225208282470703,-79.78279825755712,40.45892908195044,277.5849741630554,0.0079691484570503,0.0051774685271084,-0.9394224882125854,0.3426298499107361,-0.0322884605310636,-0.018917880402652,-1.0576332819148266,0.0827519819140434,-0.0314722806215286,0.3777002394199371,0.061424333481118,-0.5215915898233653,-9.870287132263185,14942.0
136.7,2.5,208.0,21.362489700317383,22.12978744506836,-79.7827986196679,40.458929256082726,277.4000462226868,0.0123460814356803,0.0061023472808301,-0.947284698486328,0.3200969696044922,-0.003942857171175,-0.0384983408814442,-1.0406718122102878,0.1139948964118957,0.0259915087372064,0.4502719044685364,-0.0521852485276758,-0.3605329582840204,-9.749281343221664,14942.0
136.91,2.5999999046325684,208.0,21.30990219116211,23.38616752624512,-79.782798620053,40.45892930237956,277.2959259681702,0.0145044354721903,0.0039829234592616,-0.9516406059265136,0.3068452179431915,-0.0049111315552451,-0.0345431362170848,-1.045934903079909,-0.0132101513445377,-0.0117719443514943,0.2104176133871078,0.0289801529422402,-0.337230561375618,-9.705627785325053,14942.0
137.0,2.5999999046325684,213.0,21.312406539916992,22.63870048522949,-79.782798681249,40.458929495894296,277.1001394920349,0.0131745720282197,0.0010801198659464,-0.9567624926567078,0.2905700206756592,-0.0028482554483313,-0.0638043867285021,-1.0429576494048958,0.0572659485042095,-0.0156529508531093,0.3079410791397095,-0.0039245597831904,-0.4377903914451599,-9.822866213321689,14942.0
137.2,2.5999999046325684,216.0,21.362489700317383,22.77388000488281,-79.78279871087301,40.45892961801346,276.9059194259644,0.010389138944447,0.003749492811039,-0.9600527882575988,0.2796010076999664,-0.0208466687056534,-0.0602808793200229,-0.9902529140168106,-0.0536115057766437,-0.0837464705109596,0.0817715302109718,-0.0508895512204617,-0.1965595628321171,-9.94995193719864,14941.0
137.3,2.700000047683716,217.0,21.342456817626957,22.48761749267578,-79.78279870617885,40.45892967842568,276.80771958160403,0.0100880740210413,0.006001906003803,-0.9612167477607728,0.2755444049835205,-0.0290394083225442,-0.0476624405482981,-0.9758497709259346,-0.1067299619317054,0.0143503788858652,0.0357455648481845,0.0011770353745669,-0.1183004468120634,-9.943917610645295,14941.0
137.4,2.700000047683716,217.0,21.37375831604004,21.445934295654297,-79.78279864570523,40.458929687039216,276.703597896576,0.0088036200031638,0.0078604621812701,-0.9622672796249392,0.2718498706817627,-0.0345407523550259,-0.0319182792929675,-0.9741886007736128,-0.0977713018655777,-0.0484020039439201,0.1639643609523773,-0.0913679979275912,-0.3737004493921995,-9.944344457387924,14941.0
137.6,2.799999952316284,215.0,21.34746551513672,22.31267738342285,-79.78279860401966,40.4589298567488,276.5000494651795,0.0091244224458932,0.0075013572350144,-0.9637454152107242,0.2665621340274811,-0.0440337984575692,-0.0312967290153559,-1.00306013888485,-0.0287682544440031,-0.0833654701709747,0.0412157177925109,-0.0920003103464842,-0.2587028571590781,-9.740097706317902,14941.0
137.71,2.799999952316284,216.0,21.312406539916992,23.17942047119141,-79.78279856126593,40.45892991533602,276.3994539909363,0.0094884959980845,0.0084590641781687,-0.9641830325126648,0.2649332284927368,-0.0467317693553599,-0.0221233115718137,-1.0102248847771895,-0.042104884982109,-0.0135533157736063,-0.0171419344842433,0.0223845485039055,-0.2498359566181898,-9.716107749938962,14941.0
137.9,2.900000095367432,214.0,21.31991958618164,22.654603958129893,-79.78279858238137,40.4589299373736,276.1990522079468,0.0078408233821392,0.0057601910084486,-0.9642471671104432,0.2648259401321411,-0.0293466888163921,-0.0144124402427744,-0.987656774085708,0.1266934722661972,0.0849184989929199,-0.0387346483767032,0.0168030476896092,-0.145059644524008,-9.946373441219327,14941.0
138.01,2.900000095367432,214.0,21.38502693176269,21.50954818725586,-79.78279853554344,40.45892998599141,276.1011747055054,0.009571480564773,0.0049099661409854,-0.9641106724739076,0.2652826011180877,-0.0422714261394814,-0.0184100818587154,-0.976136971393562,0.0973475351929664,-0.0747886821627616,0.0314731709659099,-0.0071711166389286,-0.3930213675275445,-9.963578288555146,14941.0
138.2,3.0999999046325684,216.0,21.37375831604004,21.692440032958984,-79.78279854661835,40.45892998453301,275.8985360794068,0.0109647354111075,0.0087848929688334,-0.9641631841659546,0.2649379074573517,-0.0311495215755876,-0.0155770450088485,-1.0034184733534202,0.0247803274542093,-0.0146049950271844,0.1765361279249191,-0.1373461620882153,-0.4087207761034369,-9.76993780195713,14940.0
138.31,3.0,215.0,21.38126945495605,21.764005661010746,-79.78279849964268,40.45893002599247,275.79819094467166,0.0099328439682722,0.009466421790421,-0.9643417000770568,0.2643045783042908,-0.0355568527279409,-0.0095546990236048,-1.0079821955064925,-0.0261418391019105,0.1215883865952491,-0.1540152877569198,0.0258578676916658,-0.0879409539699554,-9.788275254964828,14940.0
138.5,3.0999999046325684,215.0,21.34621238708496,22.439905166625977,-79.78279844458848,40.45893010593826,275.5995591812134,0.0121040577068924,0.0092001520097255,-0.964604377746582,0.2632628083229065,-0.0300431024992037,-0.010507453446849,-0.995898465099409,0.0955187529325485,-0.0204950775951147,0.138231873512268,-0.2947417322918773,-0.2294677290692925,-9.906337555646896,14940.0
138.7,3.0999999046325684,215.0,21.3599853515625,22.0661735534668,-79.78279854942363,40.45893012368597,275.4073518447876,0.0319164507091045,0.0150096695870161,-0.9646918773651124,0.2610090672969818,0.0688185791940166,-0.0110060353271855,-0.9788926857184164,0.2272640764713288,-0.0478171855211257,0.0636394247412681,-0.014596797293052,-0.5509705228731037,-9.850649843215944,14940.0
138.8,3.2000000476837163,218.0,21.41257095336914,21.38232040405273,-79.78279859168262,40.458930126195895,275.30938660430905,0.0362281017005443,0.0178486220538616,-0.9648194909095764,0.2597931623458862,0.1256473990024282,-0.0056894347080504,-0.975192348275901,0.1996002942323684,0.0726031959056854,-0.0977530255913734,0.0044141727313399,-0.2748898504301906,-9.805716329813004,14940.0
139.0,3.2000000476837163,221.0,21.34996795654297,21.97075080871582,-79.78279887822532,40.458930148509374,275.1142362289429,0.0262701008468866,0.0183418001979589,-0.9652424454689026,0.2593850195407867,0.18578168254344,-0.0053260353295158,-0.9658281274566723,-0.2278764694929123,-0.0018838860560208,0.0096639320254325,-0.1703344717249274,-0.2674611456692219,-9.870305843353274,14940.0
139.1,3.2000000476837163,221.0,21.29362678527832,22.344484329223643,-79.78279902672492,40.45893015563283,275.0123542480469,0.0209198612719774,0.0173926819115877,-0.9654612541198728,0.2591225802898407,0.1975191428711708,-0.0042585366193224,-0.9681726535118188,-0.1903503239154816,-0.0673744529485702,-0.0977398157119751,-0.1974469874426722,-0.1815311222523451,-9.879728046655655,14940.0
139.3,3.0999999046325684,220.0,21.37250518798828,22.0025577545166,-79.78279920244522,40.45893010476596,274.915397518158,0.0161779522895813,0.0169683080166578,-0.9657169580459596,0.2585364282131195,0.2256760931821617,-0.0009367135889216,-0.9526739820546812,-0.0162866059690713,-0.0444019846618175,-0.0113109080120921,-0.0924689281359315,-0.4358864649385214,-9.962654428482058,14939.0
139.41,3.0999999046325684,214.0,21.403806686401367,21.032442092895508,-79.78279975321206,40.45892998805045,274.716983192444,0.0043041375465691,0.0119273224845528,-0.965705931186676,0.2593287825584412,0.206977033029578,-0.0040632292808385,-0.9671119083236966,-0.089163139462471,0.0363877788186073,-0.1149714961647987,-0.0558098461478948,-0.1933050391450524,-9.8871621966362,14939.0
139.6,3.0999999046325684,208.0,21.37876510620117,21.54135513305664,-79.78280020801775,40.45892996071712,274.51881443786624,-0.0069646826013922,0.0100284814834594,-0.9646560549736024,0.2632293701171875,0.1503041056026841,-0.0031114047424563,-0.9971640437880646,-0.0703545287251472,0.0910758972167968,-0.2640657722949981,-0.0190217782370746,-0.0543305736780166,-9.72771447300911,14939.0
139.7,3.0,206.0,21.391286849975582,21.366416931152344,-79.78280035969928,40.4589299214423,274.41836678314206,-0.0104887029156088,0.0105325998738408,-0.963861644268036,0.2659882605075836,0.1021499701336313,0.0029763338929914,-1.0131923299624577,-0.1253214925527572,-0.0928247570991516,-0.212373286485672,-0.1064703235588967,-0.0171857433859258,-9.685144404172895,14939.0
139.8,3.0,203.0,21.417579650878903,19.513652801513672,-79.78280047546882,40.45892988674075,274.3168634109497,-0.0132550010457634,0.0124309584498405,-0.9630435705184937,0.2687321603298187,0.0681768868824041,0.0115300946328029,-1.0185124797242082,-0.1332771629095077,-0.0618145391345024,-0.0594598837196826,-0.2143784043565392,-0.1350097243487835,-9.75310132920742,14939.0
140.0,3.0,196.0,21.40005111694336,20.777984619140625,-79.78280087135813,40.458929805640906,274.1152509384156,-0.011694062501192,0.0109186731278896,-0.9619854092597958,0.2726320922374725,0.0403623778857891,0.0319503900931029,-1.0595891780785067,0.1869552582502365,0.1214364916086196,-0.0144635252654552,-0.1616004126146435,-0.1827144342474639,-9.534271037578582,14939.0
140.2,3.0,195.0,21.431352615356445,20.714370727539062,-79.78280126123776,40.45892985229201,274.02516018676755,-0.0045203948393464,0.0101417787373065,-0.961905837059021,0.2731555998325348,0.044442574562952,0.0179674968603035,-1.0682374101110432,0.1450751572847366,0.0136713553220033,0.2103380858898162,-0.1754312337934971,-0.4065879676491022,-9.508752034306529,14939.0
140.31,2.900000095367432,192.0,21.41006660461425,20.897262573242188,-79.7828013427453,40.458929804832,273.80461155700687,0.0022395267151296,0.0130797931924462,-0.9619396924972534,0.272939532995224,0.0434093466028459,0.0369826117928385,-1.1336899959035454,0.0789694264531135,0.0387479700148105,-0.1384972482919693,-0.0471916761109605,-0.1332831786107272,-9.543161728978156,14938.0
140.5,2.900000095367432,189.0,21.437612533569336,20.595094680786133,-79.78280168146381,40.45892980406604,273.5937772922516,0.00038903177483,0.0087139178067445,-0.9622091054916382,0.2721721529960632,0.047283720394806,0.0276440981154175,-1.147694865248465,-0.0393265858292579,-0.0051788748241961,0.0569147653877735,-0.0241792782582342,-0.245074751637876,-9.636181574463844,14938.0
140.6,2.900000095367432,185.0,21.441368103027344,20.094133377075195,-79.78280196062506,40.458929772534105,273.489227645874,0.0005504888249561,0.0084943752735853,-0.962477445602417,0.2712282836437225,0.0646472711174636,0.0164204330356802,-1.1465379855613835,0.0043445634655654,-0.0374620631337165,-0.0022799954749643,-0.1950397435761988,-0.1094893506355583,-9.61573912382126,14938.0
140.8,2.900000095367432,185.0,21.38252258300781,21.45388603210449,-79.78280211857772,40.458929774523895,273.25707995224,0.0155703136697411,-0.011050327681005,-0.9624525904655457,0.2707776427268982,0.0648647994340923,-0.0695722302785485,-1.1839030795296597,0.0022125630639493,0.3622888624668121,-0.0269398260861635,-0.2873856060951948,-0.066584798223339,-9.536101800799369,14938.0
140.9,2.900000095367432,185.0,21.3987979888916,21.28689956665039,-79.78280235284055,40.458929879476656,273.1535004310608,0.0196111723780632,-0.0289153214544057,-0.962033212184906,0.270687073469162,0.0703681891919499,-0.1629424149533054,-1.184189440197355,-0.1101387590169906,0.23785300552845,-0.0377409495413303,-0.1578636946342885,-0.1642427876405418,-9.523974675536156,14938.0
141.1,2.799999952316284,184.0,21.40756225585937,21.088104248046875,-79.78280291698725,40.45893008554105,272.92364060211185,0.0197333991527557,-0.0438747256994247,-0.9615665078163148,0.2703249454498291,0.0935741036504701,-0.3818557364095889,-1.1802183181089607,-0.0066319652833044,-0.0116870626807212,-0.0046567926183342,0.020572190308012,-0.2179620349220931,-9.565040840506557,14937.0
141.2,2.799999952316284,192.0,21.268585205078125,23.84737014770508,-79.78280318332801,40.45893029872138,272.8012312583924,0.0175924580544233,-0.0417127050459384,-0.9617877006530762,0.2700277268886566,0.0804945025065999,-0.4757742013464806,-1.1928243657232307,-0.0781970471143722,-0.1945289969444275,-0.0287192706018686,0.1339133257325738,-0.0474176207464188,-9.647114698290826,14937.0
141.3,2.700000047683716,191.0,21.32617950439453,22.41604995727539,-79.782803499877,40.45893057824953,272.6781355075836,0.0161008741706609,-0.0352534465491771,-0.9621195197105408,0.269859254360199,0.0877743693396388,-0.5566931220961615,-1.176825063881816,0.0942412391304969,-0.0970991551876068,-0.0001275082468055,0.0627232833020389,-0.3295742172002792,-9.916724549531937,14937.0
141.5,2.5999999046325684,192.0,21.25356101989746,25.31049728393555,-79.7828043315324,40.45893125193867,272.4528526000977,0.0168582275509834,-0.0343969240784645,-0.9624188542366028,0.2688543796539306,0.0768482129825662,-0.6805360272333524,-1.0827234578776446,0.00792480353266,0.0162640810012817,-0.0724806413054466,0.0772663684375584,-0.033423771886155,-10.339848954677583,14937.0
141.6,2.5999999046325684,193.0,21.226015090942383,24.451704025268555,-79.78280494609673,40.458931660130254,272.3374711208344,0.0206566490232944,-0.0352006368339061,-0.9624451398849488,0.2683907151222229,0.1146228702211926,-0.7504998506446257,-1.014564987462858,0.2565656006336212,0.0229055285453796,0.2277131676673889,-0.0088139649666845,-0.3307354011386633,-10.512732410430909,14937.0
141.8,2.400000095367432,195.0,21.41883087158203,21.19147682189941,-79.78280603917662,40.45893270919886,272.1376818351746,0.0221633091568946,-0.031942743808031,-0.9623119235038756,0.2691549062728882,0.1376119447313089,-0.8801097480539881,-0.8834749306615579,0.0955762416124344,-0.1237268596887588,0.1014708578586578,0.18319670163095,-0.4088813918083906,-10.283160198926929,14937.0
142.0,2.400000095367432,198.0,21.28360939025879,23.88712882995605,-79.78280725479192,40.45893413730232,271.91498362350467,0.0119191277772188,-0.0091211274266242,-0.9625386595726012,0.2707288861274719,0.1086079000201083,-0.9350478119262394,-0.9059990989176848,-0.0572797246277332,-0.375921756029129,0.0336764752864837,0.2484939475357533,-0.1055830999463796,-10.105277373790742,14936.0
142.1,2.299999952316284,201.0,21.31616401672364,22.26496696472168,-79.78280809588209,40.458934960524985,271.8031145267487,0.0047727497294545,0.011878359131515,-0.9626236557960508,0.2705398797988892,0.0926746019786109,-0.9108766964494366,-0.9196675831723412,-0.1751737594604492,-0.4000587463378906,-0.0872395858168602,0.0913425808120518,0.0888416992686688,-10.192555253505708,14936.0
142.21,2.299999952316284,203.0,21.337448120117188,22.26496696472168,-79.78280872448403,40.45893559871922,271.71077882575986,-0.0028691054321825,0.0312966704368591,-0.9626010656356812,0.2690941989421844,0.093801330874449,-0.8353168014968035,-0.9215617810222836,-0.1667095422744751,-0.4860086441040039,-0.012358283624053,-0.0287693608179688,-0.0411036465363577,-10.128507192134856,14936.0
142.4,2.299999952316284,194.0,21.35247230529785,22.32858085632324,-79.78281010184524,40.4589369393922,271.5199574165344,-0.019503766670823,0.0646268278360366,-0.9618589878082277,0.2650856375694275,0.0787249000784707,-0.6106503844307385,-0.9338392622638412,-0.0289936028420925,-0.2840854823589325,0.070734329521656,-0.0108984002738725,-0.1857349596731364,-10.188811866045,14936.0
142.6,2.299999952316284,188.0,21.41006660461425,20.77003288269043,-79.78281117502262,40.45893803481989,271.3387125663757,-0.0296179577708244,0.0735824629664421,-0.961193323135376,0.2642270624637604,0.0187322357876031,-0.3522109161886724,-0.9024675339560684,-0.1231648549437522,0.1132018640637397,-0.0561601184308528,-0.3149381613358855,0.0403446642402559,-10.137934073209763,14936.0
142.7,2.299999952316284,186.0,21.441368103027344,20.26907157897949,-79.7828114697984,40.45893835412529,271.2557883195877,-0.0268271602690219,0.0624903030693531,-0.9615901112556458,0.2659317851066589,0.0093114846223356,-0.2406674344587814,-0.8779308962024419,0.0209600087255239,0.3846149146556854,-0.1073382198810577,-0.2472802300192416,0.0506264996062964,-9.955276411771775,14936.0
142.8,2.400000095367432,185.0,21.41006660461425,20.80183982849121,-79.78281168018691,40.458938600970136,271.17224549579623,-0.0223818682134151,0.0468280352652072,-0.9619104862213136,0.2683925032615661,-0.0144074862189328,-0.1650230464508431,-0.8742008937333083,-0.0241020321846008,0.3875333666801453,-0.1293991953134536,-0.1108905901852995,0.1104312274418771,-9.802705598473551,14936.0
143.0,2.5,179.0,21.430099487304688,19.95895195007324,-79.78281249332694,40.45893919327603,270.98311721611026,-0.0177867338061332,0.0242110975086689,-0.9615487456321716,0.2729865312576294,-0.0320235531608601,-0.1274002329662221,-0.9267558020997542,0.0272926986217498,0.172145202755928,-0.0069180261343717,-0.0128171583800576,-0.0020215560402721,-9.66561470389366,14935.0
143.1,2.5,183.0,21.4426212310791,19.80786895751953,-79.78281323335698,40.458939570083295,270.89209079074857,-0.0146018238738179,0.0202233903110027,-0.9613721966743468,0.2741191685199737,-0.010413089205764,-0.1567098831337983,-0.9561081959925836,0.0575317181646823,0.0412410572171211,0.0621748454868793,-0.0845318171102553,-0.2418223475664854,-9.572387866973877,14935.0
143.3,2.700000047683716,179.0,21.41632652282715,19.80786895751953,-79.78281342114727,40.45893985147135,270.6978356771469,-0.0147121055051684,0.0193594601005315,-0.9613320231437684,0.2743165493011474,-0.0606705781928769,-0.1024736000853376,-0.9947302772317916,-0.0510863326489925,-0.0685882717370987,0.0368973575532436,-0.3122719406336546,0.0364921965147368,-9.567072747945788,14935.0
143.5,2.799999952316284,177.0,21.441368103027344,19.116064071655277,-79.78281385331121,40.45893988294424,270.6048120789528,-0.015045422129333,0.0169782303273677,-0.96176278591156,0.2729426324367523,-0.0364241965033575,-0.0854493673800555,-1.022702779099641,0.0053235734812915,0.1320322751998901,0.0028688944876194,-0.2185393561050296,0.0137854138948023,-9.475178491473196,14935.0
143.6,2.900000095367432,175.0,21.475173950195312,19.21943664550781,-79.78281434771817,40.458939955562585,270.4071615867615,-0.0066823819652199,0.0125747481361031,-0.9627533555030824,0.2700059115886688,-0.0355185084679689,-0.0621086592503132,-1.1152966977822374,0.0520049557089805,-0.1263352483510971,0.1526315063238144,-0.1761542785540223,-0.130298348609358,-9.2084185731411,14935.0
143.81,2.900000095367432,176.0,21.422588348388672,20.714370727539062,-79.78281440310545,40.45894008990825,270.1728888981342,0.0016677225939929,0.0188378971070051,-0.963517129421234,0.2669777870178223,-0.0178800387108009,-0.0256049861682249,-1.2239994523043602,0.054120983928442,0.0566527843475341,-0.0593432933092117,-0.0902509421948343,0.0050312367081642,-9.35306173145771,14935.0
143.91,3.0,174.0,21.391286849975582,21.239187240600582,-79.78281450554431,40.45893996092813,270.0823358379604,0.0021390505135059,0.0178039334714412,-0.9637945890426636,0.2660424709320068,-0.0019196430338442,0.0154749808855208,-1.2141760403982866,-0.0229686666280031,0.0745966881513595,-0.0268003735691308,-0.1232598724029958,-0.2009933968260884,-9.436575758457185,14935.0
144.1,2.900000095367432,174.0,21.334943771362305,22.63870048522949,-79.78281459785694,40.45894008235807,269.8745326817334,-0.0025606802664697,0.0157548356801271,-0.9640328288078308,0.2653036117553711,-0.0114117430627227,0.0219673742956704,-1.1882748765470292,-0.0471869744360446,0.0130035262554883,0.1238277330994606,-0.1633069042302668,-0.1984324625506997,-9.753042272329331,14934.0
144.21,3.0,174.0,21.338699340820312,21.51749992370605,-79.78281457464034,40.45894009413262,269.75671719837186,-0.0036068430636078,0.0144996847957372,-0.9642488360404968,0.2645768821239471,-0.0137384183847511,0.04174197670002,-1.168278877114878,0.0760000050067901,0.0816569030284881,0.0871763825416565,-0.1354838604480028,-0.0708852106332778,-9.944193599224093,14934.0
144.41,3.0,173.0,21.368749618530277,21.263044357299805,-79.78281441198648,40.45894029157114,269.5375831358433,0.0042209425009787,0.0156984962522983,-0.9647760391235352,0.2625699937343597,-0.0548580146758818,0.0543040936774851,-1.1162935925264883,0.0147190950810909,-0.0298045054078102,0.0864569917321205,-0.0693787760194391,0.2957151109725237,-10.004132237434389,14934.0
144.5,3.0,171.0,21.33995246887207,22.09798049926757,-79.7828143405518,40.458940290740216,269.4261278443337,0.0086231976747512,0.0178579501807689,-0.9646641612052916,0.2627353370189667,-0.0385406708457176,0.0722796848770711,-1.1085138784674324,-0.0261008366942405,-0.080350749194622,-0.0606630109250545,-0.1634020128473639,-0.1009326631575822,-9.88623716711998,14934.0
144.7,3.0,171.0,21.31866836547852,22.70231437683105,-79.78281434520522,40.4589402066361,269.20823811817166,0.0095640765503048,0.0187734514474868,-0.9633514285087584,0.2674137055873871,0.0215310502290217,0.1053735881366241,-1.0915587466641168,0.0692527294158935,-0.0502921566367149,0.0640403181314468,-0.2145589371398091,-0.2706755428388715,-9.761293278336526,14934.0
144.8,3.0,173.0,21.331188201904297,21.70039176940918,-79.78281428284694,40.45894015026681,269.0994908742905,0.0066628335043787,0.0177963208407163,-0.9626583456993104,0.2700515985488892,0.021177283797616,0.1210315731726067,-1.0757336373927049,-0.0718277990818023,-0.013114801608026,0.0388948023319244,-0.1097553532663732,-0.318238366395235,-9.925794750452043,14934.0
144.9,2.900000095367432,171.0,21.32993507385254,22.31267738342285,-79.78281414305688,40.458940131636645,268.98217164802554,0.0030803114641457,0.0182890947908163,-0.962007701396942,0.272391676902771,0.0099353995647267,0.1477651670370721,-1.0652812170539003,-0.0833010822534561,0.0244581885635852,-0.1780271083116531,0.0228280049934983,0.0004769135266542,-10.03496577501297,14933.0
145.1,2.900000095367432,169.0,21.314910888671875,21.756053924560547,-79.78281438366812,40.45894000722657,268.75001298713687,-0.0004056193283759,0.0159672517329454,-0.9615176320075988,0.2742787003517151,0.0434117665247479,0.1539202795622615,-1.0267376375444195,-0.0451270416378974,0.1804081797599792,-0.1083588153123855,-0.065012623546645,0.0655913243070244,-10.1793814766407,14933.0
145.3,2.799999952316284,170.0,21.304895401000977,23.38616752624512,-79.78281433617242,40.45893989450838,268.6484206848145,-0.0016229089815169,0.0124088060110807,-0.9615463614463806,0.2743576467037201,0.0372120269407771,0.1639977239356057,-1.0020670698829166,-0.015948437154293,0.0887266919016838,-0.0802565887570381,-0.1855072106234728,0.1342626329138875,-10.028910398483276,14933.0
145.4,2.799999952316284,167.0,21.31365966796875,22.59894180297852,-79.78281426794636,40.45893952408437,268.4310532741547,-0.000165660661878,0.0067118653096258,-0.9619319438934326,0.2732065916061401,0.040754070989738,0.186924826801386,-0.987064833446518,-0.0780802518129348,0.1573884040117263,-0.1424083113670349,0.0249378722626716,0.1659959473460912,-10.075212160348892,14933.0
145.6,2.799999952316284,168.0,21.332439422607425,21.70039176940918,-79.78281442253859,40.45893925247086,268.21537243652347,-0.0020276079885661,0.00816819537431,-0.9632055163383484,0.268634170293808,0.0602396936407724,0.1719958097889157,-0.957232335094232,-0.0863735377788543,-0.0871122628450393,0.0410180538892746,-0.1003953040391206,-0.0801008244976401,-10.084318614006042,14933.0
145.7,2.700000047683716,167.0,21.281105041503903,22.972675323486328,-79.78281439110856,40.45893910103986,268.1211913757324,-0.0022121102083474,0.0087534701451659,-0.9639654755592346,0.2658742964267731,0.0698003988080297,0.1742974165243131,-0.9235861376748356,0.0151182496920228,0.0421085394918918,-0.0381316058337688,-0.1330119683034718,0.0444556268630549,-10.100827642679215,14933.0
145.8,2.700000047683716,166.0,21.332439422607425,22.83749389648437,-79.78281436010859,40.45893895212522,268.03056048679355,-0.0009965841891244,0.0046351174823939,-0.9644034504890442,0.2643929719924927,0.0717127167319235,0.1701831248184255,-0.8860345960864096,0.1421258300542831,0.0806624293327331,0.1198875233530998,-0.1444176385179162,-0.211808443441987,-10.166414691209791,14933.0
146.0,2.5999999046325684,165.0,21.17718505859375,26.209047317504893,-79.78281437719603,40.4589387639202,267.8300317459107,0.0010644680587574,-0.0058755944482982,-0.9636834263801576,0.2669807374477386,0.0437578653785853,0.1279327028952402,-0.8240271530033147,-0.1160736009478569,0.0490389429032802,0.0146590331569314,-0.0225151698198169,-0.1480580601654947,-10.46443207025528,14932.0
146.2,2.5999999046325684,167.0,21.204730987548828,25.69218063354492,-79.78281465355484,40.45893836366152,267.64734398651126,-0.0053398814052343,-0.0006780340918339,-0.9626032710075378,0.2708618640899658,0.0735819966432115,0.1268326994580117,-0.7340784945013518,-0.1865322589874268,-0.1816838979721069,-0.0069161197170615,0.1094197230879217,0.089672524658963,-10.527755076885224,14932.0
146.3,2.5,168.0,21.2134952545166,24.29266929626465,-79.78281465186548,40.458938231398506,267.5799494915009,-0.0121625075116753,-0.0004694047675002,-0.962230384349823,0.2719645500183105,0.0708596401743787,0.1235123878383206,-0.6114104483828912,-0.01874908991158,0.0666333884000778,0.0262213218957185,0.0124812472611665,-0.0551048272568732,-10.958804798126224,14932.0
146.4,2.5,168.0,21.31616401672364,23.79170799255371,-79.78281475254192,40.45893808985585,267.50240933227536,-0.0172398015856742,-0.0071055116131901,-0.962066650390625,0.2721768319606781,0.028826939743356,0.1260906121956973,-0.5250052264252426,-0.1482171863317489,0.1598295718431472,-0.0651590675115585,0.0023260954767465,0.2607638179510832,-10.90158511519432,14932.0
146.6,2.5,164.0,21.262325286865234,23.131710052490234,-79.78281478451305,40.458937989020654,267.408127658844,-0.0058081224560737,-0.0090831043198704,-0.9627645611763,0.2701265811920166,0.0030272858698697,0.0973892876991098,-0.309162010948146,0.1780216097831726,0.0793350115418434,0.013553156517446,0.1616544445417821,-0.1337168775591999,-11.110559924840928,14932.0
146.7,2.5,168.0,21.38627815246582,20.73822593688965,-79.78281471377545,40.45893791695195,267.3828581504821,-0.0029328782111406,-0.0102286906912922,-0.9626567959785458,0.2705158591270447,-0.0342936663730728,0.0857413322760574,-0.1965177196363928,-0.0695150569081306,0.1338578462600708,-0.0616977997124195,0.040983536504209,0.1215196770709008,-10.90196167588234,14932.0
146.91,2.5,166.0,21.48518943786621,17.915346145629886,-79.78281473283754,40.45893781703892,267.3365787200928,-0.0044335098937153,-0.0117232352495193,-0.9624465703964232,0.2711819112300873,-0.0454534696956977,0.0479593519461516,-0.2227164234177997,-0.157218188047409,-0.0001646883029025,0.127059981226921,-0.0886804622970521,-0.1449872669577598,-9.671454902887342,14932.0
147.1,2.400000095367432,167.0,21.45889663696289,19.131967544555664,-79.78281491157676,40.45893782451396,267.2327123813629,-0.0052297017537057,-0.0149212386459112,-0.962243914604187,0.2717289924621582,-0.0337697556597547,-0.0084353064401128,-0.3836528559874625,0.0223147477954626,0.0566290952265262,-0.140539214015007,0.0530477128364145,0.2653518357127905,-9.42878492832184,14932.0
147.2,2.400000095367432,169.0,21.617908477783203,15.243550300598145,-79.78281488781906,40.45893781476087,267.19433461952207,-0.0001937515044119,-0.0031561614014208,-0.9622280597686768,0.2722265422344208,-0.0126247169811482,-0.0001046307600092,-0.3800613471593708,0.1566822230815887,-0.0388480275869369,0.0465595014393329,0.0637293789815157,0.1948009396344423,-9.761961030364036,14932.0
147.31,2.400000095367432,171.0,21.83952140808105,9.96357250213623,-79.7828148606335,40.45893779640983,267.1570635967255,0.0012850355124101,0.006847804877907,-0.96236389875412,0.2716748416423797,-0.0136089449076677,0.0292510466213672,-0.2736266505194686,0.0291448570787906,0.0717621445655822,0.1373199671506881,-0.3414586099237204,-0.2086159185133874,-11.104508056640627,14932.0
147.5,2.299999952316284,174.0,21.981002807617188,6.099010467529298,-79.782814927173,40.45893782200618,267.11826741027835,0.0018448771443218,0.0046393605880439,-0.9620707631111144,0.2727546095848083,-0.0493407520740302,0.0570690518068389,-0.2924599582940893,-0.056689690798521,-0.0764472633600235,-0.0358971022069454,0.1482620274927467,-0.1134243623167276,-9.826987330913544,14932.0
147.7,2.299999952316284,175.0,22.08617401123047,4.946003437042236,-79.78281510215687,40.45893782328261,267.0841320686341,0.0006670144503004,0.0050283344462513,-0.9619459509849548,0.2731926739215851,-0.0331587924156193,0.0360502049550477,-0.2905329992173903,-0.0015716162743046,-0.0299524422734975,0.062238123267889,-0.0193047423614189,-0.1450025793537497,-9.83757313013077,14932.0
147.8,2.200000047683716,176.0,22.107460021972656,3.975887060165405,-79.782815049766,40.45893781026383,267.0552424125672,0.0003023017779923,0.0048978189006447,-0.961907684803009,0.2733306586742401,-0.0320788054171968,0.0429448690476459,-0.2876094882280336,-0.0414455905556678,-0.0145040899515151,-0.029550664126873,-0.0613918174803257,0.002350576124154,-9.786823391318322,14932.0
148.0,2.200000047683716,175.0,22.084922790527344,4.476848602294922,-79.78281515953287,40.45893783553596,267.039274805069,-0.0007322446908801,0.0046575623564422,-0.961874544620514,0.2734504044055939,-0.0316687090905602,0.03425830745264,-0.2753471039937728,-0.0028372809756547,0.0027257034089416,-0.0116536961868405,-0.0814948281180113,-0.0296941642113961,-9.80748569726944,14932.0
148.1,2.200000047683716,174.0,22.193851470947266,3.268179178237915,-79.78281533706341,40.45893786743721,267.06020223426816,-0.0012351023033261,0.0045049684122204,-0.9618856906890868,0.2734120190143585,-0.0241764364684772,0.032074484194569,-0.2577128088998941,-0.0281799919903278,0.0198619533330202,-0.0343903340399265,-0.0278664639266207,-0.0225412264745682,-9.815346693992614,14932.0
148.21,2.200000047683716,175.0,22.206371307373047,2.449146270751953,-79.78281529420849,40.45893785472651,267.0344148807526,-0.0017658618744462,0.0043902439065277,-0.9618746638298036,0.2734497487545013,-0.0205620265513196,0.0357410060535575,-0.2585472080071478,0.0169679298996925,-0.0184047799557447,0.0177355110645294,-0.0503306761756539,-0.1382359073124826,-9.774102773666383,14932.0
148.4,2.0999999046325684,177.0,22.191347122192383,2.76721739768982,-79.78281537711092,40.45893787286072,267.0337809257508,-0.0028174410108476,0.0046086371876299,-0.9618112444877625,0.2736602425575256,-0.0237552151270883,0.0363844386963276,-0.2383500089610882,-0.0097950585186481,-0.0356608740985393,0.0194137599319219,-0.0244505205424502,-0.0900614924076944,-9.786542140245436,14932.0
148.6,2.0,178.0,22.18132972717285,3.363600254058838,-79.78281549356562,40.45893788229817,267.0436304740905,-0.0038049998693168,0.0044829570688307,-0.9617946743965148,0.2737089395523071,-0.0205591176008079,0.0296454882957582,-0.2082753981834949,0.0030670356936752,-0.0195132065564394,0.0122853023931384,-0.0431520997686311,-0.0117385892034508,-9.789414292573928,14932.0
148.7,2.0,177.0,22.180078506469727,3.506732225418092,-79.78281545090465,40.45893786987413,267.0228871040344,-0.0043084025382995,0.0044141723774373,-0.961783766746521,0.2737408578395843,-0.0262315835875038,0.0342528858160066,-0.2066161652364209,-0.0201390832662582,0.003255795687437,-0.0051287268288433,-0.0747364061325788,0.0354450584063306,-9.79069600224495,14932.0
148.8,2.0,177.0,22.171314239501957,3.832755088806152,-79.78281540371955,40.45893785611245,267.00216399955747,-0.0047892527654767,0.0042595001868903,-0.9617648124694824,0.2738019824028015,-0.0318352240738191,0.0361702888936268,-0.2075839798171736,-0.008614620193839,-0.0169391632080078,0.0045504984445869,-0.0482733059395104,0.0483000112697482,-9.794232982993128,14932.0
149.0,1.8999999761581416,176.0,22.17256546020508,3.6896231174468994,-79.78281556097862,40.458937858541866,267.01491820144656,-0.0054769432172179,0.0039819758385419,-0.961757481098175,0.2738187611103058,-0.0230936570118808,0.0326991652008732,-0.1851424284950793,-0.000816079613287,-0.0006696684868074,-0.0041274377144873,-0.0339880738779902,0.0805762944929301,-9.793914894461633,14932.0
149.2,1.7999999523162842,177.0,22.17381858825684,3.896369218826294,-79.78281562635301,40.45893791133413,267.0463670425416,-0.0057882005348801,0.003929179161787,-0.9617308378219604,0.2739067077636719,-0.032333677294612,0.0278880975975158,-0.1657699989032549,0.0071924454532563,-0.0322408750653266,-0.0183501858264207,-0.0601098519936204,0.0448482719622552,-9.793261175751686,14932.0
149.3,1.7999999523162842,179.0,22.170061111450195,4.0554046630859375,-79.78281552767865,40.45893789331159,267.0133594207764,-0.0062537812627851,0.0036934211384505,-0.9617342948913574,0.2738876342773437,-0.0327751672204606,0.0376714167172316,-0.1653056670596677,-0.0021104968618601,-0.0211108531802892,0.0010179039090871,-0.0311005246429704,0.0800856674183159,-9.785948647856712,14932.0
149.5,1.7999999523162842,180.0,22.170061111450195,3.999742269515991,-79.78281562960663,40.458937833031406,267.03448807525643,-0.0065513812005519,0.0036498443223536,-0.9616953134536744,0.2740180790424347,-0.0259742677607637,0.04006014034335,-0.1412289484188367,-0.0105381049215793,0.0144722303375601,-0.0041155819781124,-0.0390146967675536,0.0492972584674134,-9.809294241070749,14932.0
149.6,1.7000000476837158,181.0,22.34159278869629,0.1272283792495727,-79.78281577017178,40.45893781725577,267.0704940490723,-0.0066159721463918,0.0036873542703688,-0.9616374969482422,0.2742190957069397,-0.0223268745003575,0.0355659968555447,-0.120920632165841,0.0060806893743574,-0.0155904414132237,-0.0038655553944408,-0.0865967247728258,0.059096429022029,-9.765779262185095,14932.0
149.71,1.7000000476837158,181.0,22.34910583496093,0.1351801604032516,-79.78281572622413,40.45893779606844,267.05821906852725,-0.0065488801337778,0.0044615822844207,-0.961569845676422,0.2744462192058563,-0.023106618791388,0.0462274549855984,-0.1223619744112986,-0.0096258586272597,-0.0402965880930423,0.0020658141002058,-0.0313096859422512,0.1025195700768381,-9.802120292186736,14932.0
149.9,1.600000023841858,182.0,22.339088439941406,0.1033730581402778,-79.78281585961025,40.45893776538997,267.0918101005554,-0.0060549792833626,0.0064675793983042,-0.9615206122398376,0.2745899856090545,-0.0175576923942783,0.0391659207874804,-0.090354082256845,0.0090765347704291,-0.0189502220600843,-0.0060617914423346,-0.1289158201497048,0.0699606927484274,-9.814180759191514,14932.0
150.1,1.600000023841858,181.0,22.35912132263184,0.198794350028038,-79.78281597312967,40.45893774269217,267.12435089874265,-0.0057784277014434,0.0070103053003549,-0.9614760875701904,0.2747385203838348,-0.0216456549839832,0.0337344012670177,-0.0699242847228641,-0.007385573349893,-0.0092603936791419,-0.0070554446429014,-0.1276904812920838,0.0305356036685407,-9.803325988054276,14932.0
150.2,1.5,181.0,22.34910583496093,0.1828908026218414,-79.78281592962966,40.458937727129104,267.1173406772614,-0.0057905823923647,0.0070363152772188,-0.9614468812942504,0.2748396098613739,-0.0236288046767815,0.0377956142056629,-0.069073672825769,0.007230679038912,0.0025582576636224,0.0056339423172175,-0.1071012838091701,0.0135999406711198,-9.80752019584179,14932.0
150.4,1.600000023841858,179.0,22.362876892089844,0.2146978974342346,-79.78281588043195,40.4589377101801,267.11033260154727,-0.0058001293800771,0.007046200800687,-0.9614392518997192,0.2748658955097198,-0.0274281011261836,0.0407611033737383,-0.0687000085787064,-0.0057068709284067,0.0031267143785953,-0.0051734489388763,-0.1163028278108686,0.0386234723590314,-9.800138670802118,14932.0
150.5,1.5,176.0,22.365381240844727,0.2146978974342346,-79.78281604870551,40.45893767784301,267.1408897571564,-0.005758143030107,0.0070490669459104,-0.9613983631134032,0.2750099003314972,-0.0224868204680095,0.0373697010037246,-0.0563546303927905,-0.0019315897952765,0.0021964879706501,0.0006872417870908,-0.1166217477433383,0.0108699236484244,-9.80097833096981,14932.0
150.6,1.399999976158142,173.0,22.366634368896484,0.2067461162805557,-79.78281622726342,40.45893763206524,267.1786583595276,-0.0057348450645804,0.0070546092465519,-0.9613934755325316,0.2750270664691925,-0.0155480422937096,0.0356206989053409,-0.0405049546397221,0.0007423995994031,0.0013112213928252,-0.0073613007552921,-0.1252583502139896,0.046203821003437,-9.801779984235765,14932.0
150.8,1.399999976158142,173.0,22.37289428710937,0.2306014448404312,-79.78281614160629,40.45893759017046,267.1704503231049,-0.0057741454802453,0.0070698289200663,-0.9613603949546814,0.2751418948173523,-0.0222973426228136,0.0435211037649976,-0.0398743908421762,-0.0051894197240471,0.0044807060621678,-0.0113335596397519,-0.1155142485536635,0.0443397058127448,-9.802364121079444,14932.0
151.0,1.399999976158142,173.0,22.369138717651367,0.2146978974342346,-79.7828163625237,40.4589375178119,267.2048817806244,-0.0057847015559673,0.0070425723679363,-0.9613355994224548,0.2752288579940796,-0.0121860532117186,0.0412450973900048,-0.0278881390113548,-0.008965010754764,-0.0059550553560256,-0.0090834414586424,-0.1135201652906835,0.0402139150165021,-9.800543298125268,14932.0
151.11,1.2999999523162842,173.0,22.37289428710937,0.2146978974342346,-79.78281654452215,40.458937509942864,267.24425899314883,-0.0057711508125066,0.0069990009069442,-0.961336612701416,0.2752268016338348,-0.0108004209481059,0.0347310275709549,-0.013171100544957,0.0054680020548403,0.0020686513744294,0.0053242887370288,-0.1085463683400303,0.0245317077613435,-9.800770754814147,14932.0
151.2,1.2999999523162842,173.0,22.37790298461914,0.2226496636867523,-79.7828165092665,40.458937488322896,267.24289070892337,-0.0057714069262146,0.007024981547147,-0.961316466331482,0.2752963602542877,-0.0147536764315048,0.0381457802084084,-0.0129280035596457,-0.0032964416313916,-0.0034259660169482,-0.0001893936132546,-0.112852376718074,0.0254696262767538,-9.800926875472069,14932.0
151.4,1.2999999523162842,172.0,22.38791847229004,0.2306014448404312,-79.78281670062312,40.458937452584856,267.2754138641357,-0.0057539651170372,0.0070109493099153,-0.9613075256347656,0.2753284275531769,-0.0097993682539058,0.0331027977818907,-0.0035092293863129,0.0084019433706998,0.0034395828843116,0.0044632409699261,-0.1094202255830168,0.0193272998230531,-9.805059102773669,14932.0
151.6,1.2999999523162842,172.0,22.38541412353516,0.2226496636867523,-79.78281681688176,40.45893741548555,267.30926882553103,-0.005731598008424,0.0069847689010202,-0.9612855315208436,0.2754060328006744,-0.0151669751455791,0.0329566913460398,0.0067949849472001,0.0065327985212206,-0.0002294861769769,-0.0017899347003549,-0.1098197822738439,0.0327929760888218,-9.802737173438071,14932.0
151.7,1.2999999523162842,173.0,22.38791847229004,0.2226496636867523,-79.78281677809632,40.45893739682104,267.3098961048126,-0.0057377833873033,0.0069980253465473,-0.9612702727317808,0.275458961725235,-0.0183448516573111,0.037032264317853,0.0071723443380706,-0.0017526800511404,0.0019729859195649,0.0034419770818203,-0.1130193786788731,0.025286085375119,-9.804300718903542,14932.0
151.9,1.2999999523162842,174.0,22.38791847229004,0.2146978974342346,-79.78281673408823,40.45893737669221,267.3105260066986,-0.0057439343072474,0.0069975974038243,-0.9612699747085572,0.275459885597229,-0.0216403520701012,0.0403026471368704,0.0071861007672479,-0.002220124239102,-0.0006395825184881,-0.0035693624522536,-0.1181583594717085,0.0357439127960242,-9.799544593691826,14932.0
152.0,1.2999999523162842,177.0,22.392927169799805,0.2146978974342346,-79.78281695540478,40.45893730103575,267.3451143436432,-0.0057388800196349,0.0069828513078391,-0.9612443447113036,0.2755500078201294,-0.0121933352190439,0.0387833790634567,0.0152117007254337,-0.0069257454015314,-0.0011261989129707,-0.0056605669669806,-0.119148274809122,0.0340856904024258,-9.801035633683204,14932.0
152.1,1.2999999523162842,178.0,22.40043830871582,0.1828908026218414,-79.7828171773046,40.45893729419625,267.3768840961457,-0.0057043600827455,0.0069452095776796,-0.9612436294555664,0.2755540609359741,-0.0084585543116879,0.0294730012955575,0.0204057776170567,0.0080555696040391,0.0024028231855481,-0.0016471066046506,-0.1109691986907273,0.022168345421087,-9.803506667017936,14932.0
152.3,1.399999976158142,180.0,22.40795135498047,0.0715659633278846,-79.782817111699,40.45893725425315,267.38093077468875,-0.0057269409298896,0.0069568566977977,-0.961220681667328,0.2756330966949463,-0.014688085848518,0.0369532411958681,0.0210942816488738,0.0012612711871042,0.0027935048565268,-0.0038485671393573,-0.1140754406433552,0.0360629811929538,-9.801067208647726,14932.0
152.51,1.399999976158142,179.0,22.406700134277344,0.0238553211092948,-79.78281731810586,40.45893719714849,267.4110456638336,-0.0057154796086251,0.0069592692889273,-0.9611979722976683,0.2757126986980438,-0.0099209554587537,0.0343275019258544,0.0241973175103231,-0.0064517678692936,0.0004729422507807,-0.0082450229674577,-0.1132322447374463,0.0394363997876644,-9.800201820731164,14932.0
152.7,1.399999976158142,181.0,22.41045570373535,0.0079517737030982,-79.78281750485472,40.4589371062682,267.44041978645333,-0.005726998206228,0.0069749248214066,-0.9611774682998656,0.275783360004425,-0.0041917368555965,0.0370878472432374,0.0266166614101957,-0.0053159208036959,0.000534989638254,0.0035551022738218,-0.1133981960266828,0.0275848336983472,-9.8042358148098,14932.0
152.9,1.399999976158142,184.0,22.419219970703125,0.0238553211092948,-79.78281747442959,40.45893707891339,267.4430128269196,-0.0057440539821982,0.0069890329614281,-0.96116042137146,0.2758420705795288,-0.0074707922120999,0.0409638352981003,0.0267058406709419,-0.005258179269731,-0.0035637523978948,-0.0089183552190661,-0.1112354936823249,0.0392688039690256,-9.801136790513992,14932.0
153.01,1.399999976158142,184.0,22.42422866821289,0.0079517737030982,-79.78281762275633,40.45893702969385,267.4742978744506,-0.0057679372839629,0.0069595552049577,-0.96113920211792,0.2759163379669189,-0.010817447829288,0.0397219886738237,0.0312855200900557,-0.0089648617431521,-0.0017997354734688,-0.0079489387571811,-0.1163683897163719,0.0343937198957428,-9.802531351447106,14932.0
153.1,1.399999976158142,184.0,22.419219970703125,0.0159035474061965,-79.7828178576017,40.45893704885864,267.49891053962705,-0.0057406267151236,0.0069116549566388,-0.9611362218856812,0.2759287357330322,-0.0083400747790691,0.0242114639491291,0.0310539934758253,-0.0002419534721411,0.0010509982239454,-0.0013477863976731,-0.1144951519556343,0.0338726850156672,-9.80239452660084,14932.0
153.3,1.399999976158142,184.0,22.425479888916016,0.0318070948123931,-79.7828177983628,40.4589370166697,267.5050812892914,-0.0057703107595443,0.0069229207001626,-0.9611026048660278,0.2760446965694427,-0.0151238909960929,0.0316824613987701,0.0317932393917616,-0.0054164491593837,-0.0018692577723413,-0.0078965444117784,-0.1174748199619352,0.0347321023768745,-9.802358273863792,14932.0
153.4,1.399999976158142,186.0,22.426733016967773,0.0079517737030982,-79.78281797796143,40.458936972167294,267.52910386848447,-0.0057474025525152,0.0068925088271498,-0.9610942602157592,0.2760750651359558,-0.0111350969747317,0.0291767895798088,0.0336554667682948,0.0046131806448102,0.0014781458303332,0.0032975601498037,-0.1136151642724871,0.0316135881235823,-9.802878091335296,14932.0
153.61,1.399999976158142,185.0,22.43424415588379,0.0079517737030982,-79.78281813518959,40.45893691967992,267.5516654186249,-0.0057220445014536,0.0068678935058414,-0.961073100566864,0.2761496603488922,-0.01091795619136,0.0268502611443719,0.0307531761872989,-0.0019428033847361,-0.0023083740379661,-0.007111667189747,-0.1172187210526317,0.0399284018715843,-9.801618601083756,14932.0
153.7,1.5,183.0,22.431739807128903,0.0159035474061965,-79.78281810488392,40.45893690338146,267.5546957187653,-0.0057384995743632,0.0068917255848646,-0.9610589146614076,0.2761980593204498,-0.0128544554414259,0.0301578260584958,0.0310248692386501,0.0105952760204672,0.0025417513679713,0.0060292454436421,-0.1135325632151216,0.0250434967316687,-9.80549062728882,14932.0
153.91,1.5,186.0,22.436748504638672,0.0079517737030982,-79.7828182595464,40.45893683792468,267.5759516887665,-0.005712617188692,0.0069057247601449,-0.961040198802948,0.2762634754180908,-0.0118247621631739,0.0300884748190595,0.0278373861671887,-0.0021250394638627,-0.0032788722310215,-0.0066027343273162,-0.1134205068089068,0.0251165869273245,-9.803575079441073,14932.0
154.01,1.5,187.0,22.431739807128903,0.0079517737030982,-79.78281822591474,40.458936819544654,267.57868611145017,-0.0057229618541896,0.0069226999767124,-0.9610317945480348,0.2762920558452606,-0.0140071556536425,0.0337895705724227,0.0280464970708882,0.0056114057078957,0.0021716968622058,0.003759094979614,-0.1107825263310223,0.0209475701325573,-9.80448782980442,14932.0
154.2,1.5,187.0,22.44175720214844,0.0159035474061965,-79.78281831894482,40.458936794110414,267.596405380249,-0.0057153678499162,0.0069291316904127,-0.9610143303871156,0.2763529419898987,-0.0206427612465071,0.0318953333474627,0.0231811509382659,0.0084957210347056,0.0017525033326819,0.0019305497407913,-0.115055004581809,0.0329293966549448,-9.803801951408389,14932.0
154.4,1.5,186.0,22.44175720214844,0.0238553211092948,-79.7828182748672,40.45893677895744,267.598673456192,-0.0057233679108321,0.0069293300621211,-0.9610037803649902,0.2763893306255341,-0.0241355644121135,0.0357473405479226,0.0235649642524123,0.0011295431759208,0.0009754577185958,0.001168638234958,-0.1111649068258702,0.0224074782687239,-9.803355808854104,14932.0
154.51,1.600000023841858,184.0,22.44426155090332,0.0238553211092948,-79.78281841469378,40.45893667609325,267.6176079444885,-0.0056600365787744,0.0069301640614867,-0.9609869718551636,0.2764489352703094,-0.017028171373981,0.0392451401103061,0.0227932951635992,0.0055510597303509,0.0016932972939684,0.0044689108617603,-0.1145555884111672,0.0273752110172063,-9.804453331232072,14932.0
154.7,1.600000023841858,183.0,22.445512771606445,0.0079517737030982,-79.78281854408772,40.45893660539546,267.6354993515015,-0.0056418194435536,0.0069208699278533,-0.9609749317169192,0.2764914333820343,-0.015307413353268,0.0375382485397808,0.0215991131847534,0.0023367055691778,-0.0008238913724198,-0.0042004184797406,-0.1158907178789377,0.039408022519201,-9.801908038258553,14932.0
154.8,1.600000023841858,184.0,22.451772689819336,0.0318070948123931,-79.78281850230023,40.458936583042274,267.6375974349976,-0.005666266195476,0.0069307731464505,-0.9609622359275818,0.2765347063541412,-0.017693030537702,0.0412654425255389,0.0218389538846072,0.0012959307059645,-8.708978566573933e-05,0.0086540365591645,-0.1134563849586993,0.0209314446081407,-9.803788502812386,14932.0
155.0,1.600000023841858,182.0,22.435497283935547,-0.0715659633278846,-79.78281870531926,40.45893655433481,267.65736877250674,-0.0056063495576381,0.0068845595233142,-0.960947573184967,0.2765881419181824,-0.0130743693972528,0.0299992987129715,0.0237857336729263,0.0021194883156567,0.0014624572359025,-0.0007244895678013,-0.114854317177087,0.0382833928149193,-9.80345111846924,14932.0
155.11,1.600000023841858,182.0,22.45427703857422,0.0238553211092948,-79.78281884996233,40.45893645970358,267.67381321716306,-0.0055839638225734,0.0068681049160659,-0.9609299898147584,0.2766500115394592,-0.0101208388871824,0.0330350018413148,0.0221994803891008,-0.0083722164854407,-0.0018003482837229,-0.0096561703830957,-0.1119708906859159,0.0197364084888249,-9.804542793631557,14932.0
155.3,1.5,184.0,22.4567813873291,0.0159035474061965,-79.78281881693712,40.45893643830369,267.6759856872559,-0.0055987117812037,0.0068824584595859,-0.9609195590019226,0.2766858339309692,-0.0119090894581204,0.036302893987758,0.0224695948814501,0.0060298438183963,-0.0003007720515597,0.001572037464939,-0.1127782906685024,0.0303800037782639,-9.804906490445138,14932.0
155.4,1.5,186.0,22.455530166625977,0.0079517737030982,-79.78281896268204,40.45893641292205,267.6891387634277,-0.0055722258985042,0.0068442351184785,-0.9609102010726928,0.2767198383808136,-0.0120864989132661,0.0287116943148335,0.0210174576178605,-0.0010866514639928,0.0031429247464984,0.0018131912220269,-0.1146204650960862,0.0225946462713182,-9.804578461647036,14932.0
155.6,1.5,187.0,22.4567813873291,0.0159035474061965,-79.78281907732159,40.45893635238529,267.70124565887454,-0.0055361045524477,0.006810400635004,-0.9608869552612304,0.2768019437789917,-0.0112295703999876,0.0260040838810946,0.0164176795973917,0.0097881574183702,0.0027599909808486,0.0047476924955844,-0.1122868047840893,0.0268332700571045,-9.804209502339363,14932.0
155.8,1.600000023841858,187.0,22.466798782348643,0.0079517737030982,-79.78281904652263,40.45893633739121,267.70285736846927,-0.0055526839569211,0.0068174158222973,-0.9608736038208008,0.2768479287624359,-0.0146401965795243,0.0295652854693304,0.0169829152927938,-0.0043404581956565,-0.0027958953287452,-0.0010838866000995,-0.1118712230678647,0.0276128615043126,-9.805539159178734,14932.0
155.9,1.600000023841858,188.0,22.46805000305176,0.0079517737030982,-79.78281901087274,40.45893632106269,267.70450746345523,-0.0055558024905622,0.0068234815262258,-0.9608741998672484,0.2768455147743225,-0.0175848304300867,0.0329448968841821,0.0173914623999793,-0.0025458754971623,-0.0001735707046464,-0.0075638433918356,-0.1129084643069654,0.0219480584235861,-9.806560083031655,14932.0
156.0,1.5,186.0,22.46053695678711,0.0159035474061965,-79.78281913187546,40.45893623539335,267.718147151947,-0.0055169560946524,0.0068022767081856,-0.960881233215332,0.2768224477767944,-0.0147511902812111,0.0328063927441698,0.0173410097843897,-0.002751954132691,-1.8988079318660308e-05,0.0015818972606211,-0.114084412464872,0.0248381589632481,-9.805726270079612,14932.0
156.2,1.399999976158142,187.0,22.46805000305176,0.0,-79.78281926546184,40.458936151095976,267.73398863601693,-0.0054717971943318,0.0067949932999908,-0.9608765244483948,0.2768398523330688,-0.0108564848479834,0.0312875473072418,0.020220138077356,0.0099273938685655,0.0001610350736882,0.0071366336196661,-0.1132425687275827,0.0228263513278216,-9.805497643947602,14932.0
156.31,1.399999976158142,188.0,22.46429443359375,0.0238553211092948,-79.78281923173955,40.45893613182814,267.73598563003543,-0.0054902890697121,0.0068111182190477,-0.9608656167984008,0.2768767476081848,-0.0143976083137198,0.0347619706646858,0.020934741674374,-0.0036685266532003,-0.003091414226219,-0.0008456582436338,-0.1144503476656973,0.0263788271974772,-9.806467697024344,14932.0
156.5,1.399999976158142,190.0,22.473058700561523,0.0159035474061965,-79.78281930584457,40.458936062732064,267.74845849800107,-0.0054804030805826,0.0068070236593484,-0.9608495831489564,0.2769328653812408,-0.0165944955346932,0.0344653446030039,0.0201184684419499,0.0079649910330772,0.0003849441418424,0.0026839904021471,-0.1098023045808077,0.0215300898556597,-9.807204446196556,14932.0
156.6,1.2999999523162842,189.0,22.47055435180664,0.0079517737030982,-79.78281947648912,40.45893596773797,267.7604604892731,-0.0054385401308536,0.0068110255524516,-0.9608433842658995,0.2769549190998077,-0.0049336920838647,0.0325582282835207,0.021826338490167,-0.00809714384377,-0.0035763047635555,-0.0053556528873741,-0.1136104499548673,0.0308494986500591,-9.80465506017208,14932.0
156.8,1.2999999523162842,188.0,22.475563049316406,0.0238553211092948,-79.78281941681803,40.4589359195104,267.7647708587647,-0.0054655154235661,0.006820329464972,-0.9608234167099,0.2770235538482666,-0.0090294131238812,0.0389896421569625,0.0225242423600374,0.005458727478981,0.0041421460919082,0.005859485361725,-0.1139331888500601,0.0200997055904008,-9.804878423810006,14932.0
156.9,1.2999999523162842,184.0,22.475563049316406,0.0079517737030982,-79.78281955920255,40.458935898007454,267.7734261684418,-0.0054347054101526,0.0067780725657939,-0.9608178138732908,0.2770445346832275,-0.0103211892755836,0.0274379108214969,0.0199245785171716,-0.0073302332311868,-0.0009726899443194,-0.0029848227277398,-0.1142836563382297,0.0316131290257908,-9.805289483070371,14932.0
157.1,1.2999999523162842,183.0,22.478065490722656,0.0159035474061965,-79.78281972213397,40.45893583721303,267.7832447223664,-0.0054110223427414,0.0067658349871635,-0.9607977271080016,0.2771151959896088,-0.0027321902025298,0.0193333353596696,0.0178130052052571,0.0041605229489505,-7.237381214508787e-05,0.0056840823963284,-0.1116414731740951,0.0204844226874411,-9.806112771034242,14932.0
157.2,1.2000000476837158,182.0,22.478065490722656,0.0,-79.78281970434732,40.45893582321411,267.78501927185056,-0.0053997780196368,0.0067689199931919,-0.9607800841331482,0.2771763503551483,-0.0062242961671845,0.0227438014171416,0.0184224022867467,-0.0052705579437315,-0.0057024173438549,-0.0072298217564821,-0.1147650100942701,0.0367675889516249,-9.804146937131884,14932.0
157.41,1.2999999523162842,182.0,22.48432731628418,0.0159035474061965,-79.78281977244478,40.45893575449699,267.792305343628,-0.0054045827127993,0.0067822667770087,-0.96075701713562,0.2772559225559234,-0.0096284171634358,0.024328390502155,0.0154501457350721,0.0021616185549646,-0.00153536174912,0.0014744569780305,-0.1141091260872781,0.0202994176978245,-9.806488747000692,14932.0
157.5,1.2999999523162842,178.0,22.47931861877441,0.0159035474061965,-79.78281974479962,40.458935739856095,267.7938233547211,-0.0053949006833136,0.0067960442975163,-0.9607479572296144,0.2772870361804962,-0.0129352954662737,0.0276743744424487,0.0160242058437896,-0.0079185264185071,-0.0004456543538253,-0.0089067798107862,-0.1179195098485797,0.0387165984045714,-9.804287855029107,14932.0
157.7,1.2000000476837158,177.0,22.48432731628418,0.0079517737030982,-79.78281985816936,40.45893567852599,267.7997525863649,-0.0053947670385241,0.0068065421655774,-0.9607253670692444,0.2773651480674744,-0.0098792617438186,0.0245490203019255,0.0125284139386471,-0.0005856029456481,0.0010145363630726,-0.0015480719739571,-0.1129050747491419,0.022067462678533,-9.804801825284956,14932.0
157.8,1.2000000476837158,173.0,22.486831665039062,-0.0159035474061965,-79.78281983047994,40.458935663735865,267.8009854488373,-0.005378776229918,0.0068218321539461,-0.960712730884552,0.277409017086029,-0.0127094712041275,0.0280136289766892,0.0131503774467606,-0.0008670688257552,-0.0009393571526743,-0.00708137312904,-0.1150053397938609,0.0412135696224868,-9.803376274108889,14932.0
158.0,1.2000000476837158,173.0,22.48432731628418,0.0,-79.78281989930682,40.45893564850881,267.80294262695315,-0.0053547103889286,0.0068038091994822,-0.960690140724182,0.2774878740310669,-0.0187903064539291,0.0224719700658444,0.007243610604955,-0.0040411911904811,-0.0043145511299371,0.0015065179904922,-0.1144925755262375,0.0236496986774727,-9.806017461419106,14932.0
158.11,1.2000000476837158,171.0,22.493091583251957,0.0,-79.78281997405625,40.45893560212127,267.8037351303101,-0.005329018458724,0.006807935424149,-0.960686445236206,0.2775011658668518,-0.019705680086764,0.0222498696695925,0.002717690373315,-0.0039359601214528,-0.0008174221147783,-0.0082747265696525,-0.1158008078020066,0.0431371848005801,-9.802572281956673,14932.0
158.3,1.2000000476837158,171.0,22.49058723449707,0.0159035474061965,-79.78281989840873,40.45893558400748,267.8042567901612,-0.0053542871028184,0.0068339151330292,-0.9606632590293884,0.2775801122188568,-0.0245157912668529,0.0289094876485483,0.003680110606267,-0.0057041510008275,-0.0016932107973843,-0.0011547886533662,-0.1136818225309252,0.0272644679504446,-9.805535650849343,14932.0
158.4,1.2000000476837158,174.0,22.485578536987305,0.0079517737030982,-79.78282000116945,40.45893553564785,267.80654560852054,-0.005321332719177,0.0068292967043817,-0.960661232471466,0.2775880396366119,-0.0199643489579685,0.0253907350962182,0.0035464235636608,-0.0012515384005382,-0.0010967823909595,-0.0042846794240176,-0.1161840836517512,0.0409105787845328,-9.803271024227143,14932.0
158.6,1.2000000476837158,175.0,22.49559593200684,0.0,-79.78282008689683,40.45893546739021,267.8084813289642,-0.0052915927954018,0.0068339332938194,-0.9606463313102722,0.2776398956775665,-0.0133117602933926,0.0247711381715424,0.0037570177351165,-0.0059123169630765,-0.0017469075974076,-0.0060535282827913,-0.1171763926930725,0.0341525062615983,-9.80489128768444,14932.0
158.7,1.100000023841858,178.0,22.48432731628418,0.0,-79.78282005656939,40.458935454007495,267.8088246517181,-0.0052822488360106,0.0068347170017659,-0.9606346487998962,0.2776806950569153,-0.0146890760512609,0.0277992229074461,0.0041508917214353,0.0059430822730064,0.0014650301309302,-0.0013352934038266,-0.1144514257460832,0.035437619194854,-9.804820536375049,14932.0
158.9,1.100000023841858,181.0,22.488082885742188,0.0079517737030982,-79.7828202590213,40.45893542215028,267.8092299633026,-0.0052551636472344,0.0068390043452382,-0.9606210589408876,0.2777281403541565,-0.001051615936151,0.0131724646970971,0.0036823622747797,-0.0105317933484911,-0.0016751385992392,-0.0079216109588742,-0.1177353865094483,0.0405976431118324,-9.803686176538466,14932.0
159.1,1.0,183.0,22.49434280395508,0.0159035474061965,-79.7828203365177,40.458935360200734,267.80893480110166,-0.0052391979843378,0.0068212235346436,-0.9606052041053772,0.2777836918830872,-0.001673431107049,0.0173254700376848,0.0033909816964134,-0.0042219003662467,-0.0021965261548757,-0.0028904255013912,-0.1141491977870464,0.0247387288883328,-9.805904610157013,14932.0
159.2,1.0,187.0,22.50310707092285,0.0,-79.78282032219478,40.45893534702199,267.80926000404355,-0.0052274009212851,0.006830520927906,-0.9605966210365297,0.2778134346008301,-0.0037084633003405,0.0204744194069262,0.0038162388911595,-0.0028930096887052,0.0030942682642489,-0.0049790823832154,-0.1152101750671863,0.0412225003307685,-9.80450887978077,14932.0
159.3,1.0,190.0,22.50060272216797,0.0159035474061965,-79.78282030356698,40.45893533236821,267.80962693023685,-0.0052339434623718,0.0068515357561409,-0.960580348968506,0.2778691351413727,-0.0051306742245054,0.0236553691269109,0.0042588851926306,0.0032528140582144,-0.0004417623276822,0.004490946419537,-0.1117907233536243,0.0210957993334159,-9.807363490462304,14932.0
159.5,1.0,192.0,22.499351501464844,0.0159035474061965,-79.78282044298106,40.45893527209554,267.80811654853824,-0.005198202561587,0.0068576587364077,-0.960565745830536,0.2779200673103332,0.0011664766588496,0.0215229962746392,0.0038306776231926,0.0066693755798041,0.001356272958219,0.0004351562529336,-0.1128553368709981,0.0312669213255867,-9.806243163943291,14932.0
159.6,0.8999999761581421,196.0,22.50060272216797,0.0,-79.78282053546585,40.45893526087386,267.80787693786624,-0.0051978821866214,0.0068536680191755,-0.9605566263198853,0.2779513597488403,-0.0001255869773115,0.0149177372609482,0.0058855486657829,-0.002025932772085,0.0010333022801205,0.0033639869652688,-0.1138966620247811,0.0220288367941975,-9.806232638955118,14932.0
159.8,0.8999999761581421,196.0,22.50686264038086,0.0159035474061965,-79.78282050804556,40.45893523507032,267.80909764099124,-0.005206401925534,0.0068717282265424,-0.9605382680892944,0.2780141830444336,-0.0035953302478394,0.0214280463538022,0.0068850987805292,0.0055019832216203,0.0028634290210902,0.0053047998808324,-0.1120661363471299,0.0199762379773892,-9.808450487852095,14932.0
159.9,0.8999999761581421,197.0,22.509366989135746,0.0,-79.78282027798781,40.458935039125095,267.8081890277864,-0.0052555878646671,0.0069309193640947,-0.96052485704422,0.2780583798885345,-0.0247003570330942,0.0689695558178028,0.0092085623128111,-0.0081193381920456,-0.0053184875287115,-0.0060451002791523,-0.1157764687668532,0.0325492134341038,-9.806091721057893,14932.0
160.1,0.8999999761581421,196.0,22.50436019897461,0.0159035474061965,-79.78282027639054,40.458934994281286,267.80713736343387,-0.0052604260854423,0.0068975309841334,-0.9605077505111694,0.2781180441379547,-0.0244607205308559,0.054523663780641,0.0100596285647793,-0.0007924865349195,-0.0024280720390379,0.002536695683375,-0.113075895672664,0.0238214218080975,-9.80556313276291,14932.0
160.2,0.8999999761581421,193.0,22.5106201171875,-0.0318070948123931,-79.78282021550305,40.45893496356739,267.8080609970093,-0.0052582756616175,0.0068988734856247,-0.9604969620704652,0.2781553268432617,-0.0269298605367828,0.0580141628225498,0.0106664086091117,-0.0038122925907373,-0.0020324101205915,-0.0087735187262296,-0.1171153715159744,0.0425551036186516,-9.80491643071175,14932.0
160.4,0.8999999761581421,192.0,22.509366989135746,0.0079517737030982,-79.78282029426853,40.458934887696216,267.8064721755982,-0.005197410006076,0.0068826819770038,-0.9604800343513488,0.2782153189182281,-0.013870276030585,0.0480373767071893,0.0112298534838916,-0.0066892327740788,-0.002075053518638,-0.0041470602154731,-0.1169355056807398,0.0330763148004189,-9.805063195824625,14932.0
160.51,0.8999999761581421,184.0,22.508115768432614,0.0079517737030982,-79.78282024863717,40.45893485667315,267.8075293235779,-0.0051972544752061,0.0069064181298017,-0.9604700803756714,0.2782492041587829,-0.0149911357632429,0.0512119648778415,0.0117157987416636,-0.0008271253900602,0.0007449523545801,0.0003727988805621,-0.1136678805761039,0.0366459531616419,-9.806381742954256,14932.0
160.7,0.8999999761581421,181.0,22.50561141967773,0.0079517737030982,-79.7828202673542,40.45893479553735,267.80544006156924,-0.0051766103133559,0.0068696867674589,-0.9604521989822388,0.2783120274543762,-0.0138550142045061,0.046745366478558,0.012106119843247,-0.0039522727020084,0.0004126146377529,-0.0090841930359601,-0.1162474985327571,0.0415273686731234,-9.804407138228417,14932.0
160.8,0.8000000119209291,173.0,22.514375686645508,0.0,-79.78282022222388,40.45893476552984,267.8065904312134,-0.0051848348230123,0.0068930075503885,-0.9604396224021912,0.278355062007904,-0.0148240601195207,0.0500025494125177,0.0126096148381129,0.0071707726456224,0.0018955201376229,0.0043143215589225,-0.1111221307888627,0.0192445982666686,-9.80893697619438,14932.0
161.0,0.8000000119209291,172.0,22.511871337890625,-0.0159035474061965,-79.78282026820241,40.458934762521785,267.80447136688235,-0.0051748231053352,0.0068490328267216,-0.9604241251945496,0.2784095108509064,-0.0152104110279647,0.0361161447368812,0.0125814125073914,0.0047018132172524,0.0041439374908804,0.0018257376505061,-0.1120270605012774,0.0312253558449447,-9.805356726050375,14932.0
161.1,0.8000000119209291,167.0,22.514375686645508,0.0,-79.78282035836047,40.45893474477944,267.80049216079715,-0.0051480876281857,0.0068254889920353,-0.9604165554046632,0.2784368395805359,-0.0087146813405331,0.0248630525891532,0.0118006100886815,-0.0015779853565618,-0.0040758638642728,0.0028088870458304,-0.1137833174038678,0.0227409728430211,-9.806836656332017,14932.0
161.3,0.8000000119209291,165.0,22.51688003540039,0.0238553211092948,-79.78282030160426,40.45893471230171,267.8028544120789,-0.0051842359825968,0.0068295858800411,-0.9603933691978456,0.27851602435112,-0.0121544843243522,0.0310755185605178,0.0128849708311779,0.0054978728294372,0.0022878078743815,0.0057937339879572,-0.1118286663014441,0.0187021833623293,-9.807690349817276,14932.0
161.5,0.8000000119209291,157.0,22.515628814697266,-0.0238553211092948,-79.78282028011567,40.45893464093189,267.79966413307204,-0.0051886807195842,0.0068291309289634,-0.9603776335716248,0.278570294380188,-0.0137546207907828,0.0369949497483716,0.0131064594883737,0.0043838140554726,0.0011505621951073,0.0052098385058343,-0.1171183408051729,0.0419966625468805,-9.806137914061546,14932.0
161.6,0.8000000119209291,156.0,22.515628814697266,0.0159035474061965,-79.78282034161174,40.45893463614499,267.79531943130496,-0.0051751448772847,0.0068049258552491,-0.9603708982467652,0.2785941958427429,-0.0119400193625319,0.0266755784249059,0.0125333487730619,-0.0082633541896939,-0.0031445384956896,0.0003532474220264,-0.1156143181677907,0.0297638351563364,-9.805350878834725,14932.0
161.7,0.8000000119209291,155.0,22.5206356048584,0.0079517737030982,-79.78282031127516,40.45893462065492,267.79654704856875,-0.0051839579828083,0.0067896791733801,-0.9603649377822876,0.2786148190498352,-0.0132806041953515,0.0296074944010061,0.0131669560713613,0.0036198976449668,-0.0015312315663322,0.0021611806005239,-0.1144804151449352,0.0360906115709804,-9.807089256048204,14932.0
161.9,0.8000000119209291,154.0,22.5206356048584,0.0159035474061965,-79.78282032615252,40.4589346070897,267.790732257843,-0.0051829619333148,0.0067634424194693,-0.9603437781333924,0.2786887586116791,-0.0147427773238725,0.0230799170324905,0.0096868239828283,-0.0029691038653254,-0.0003533988201525,-0.0064804633148014,-0.1154922940861433,0.0414786449214443,-9.80501583337784,14932.0
162.0,0.8000000119209291,158.0,22.51688003540039,0.0079517737030982,-79.78282029500218,40.45893459572953,267.7916787796021,-0.0051869149319827,0.0067777312360703,-0.9603309631347656,0.2787322402000427,-0.0159607927322305,0.0260965100758195,0.0101277888906786,0.0069018700160086,-0.0015827452298253,0.0042778830975294,-0.1114606206212192,0.0196387302945368,-9.807664622068408,14932.0
162.2,0.8000000119209291,159.0,22.52439308166504,0.0,-79.78282031627081,40.4589345528589,267.7899459533692,-0.0051674442365765,0.0067705465480685,-0.9603179097175598,0.2787778377532959,-0.0123499802094354,0.0264553994240309,0.0145027196148405,0.0071447254158556,0.003827438224107,0.0045380312949419,-0.1146082407608628,0.0238508703047409,-9.80742547094822,14932.0
162.4,0.8999999761581421,164.0,22.5206356048584,-0.0159035474061965,-79.78282028436085,40.45893453801188,267.791378610611,-0.0051655736751854,0.0067778131924569,-0.9602994918823242,0.278840959072113,-0.0153210650700617,0.0298691835198949,0.0151766863252089,-0.004455380141735,-0.0020403892267495,-0.0010582174872979,-0.1142791064735502,0.0274182657105848,-9.80600225865841,14932.0
162.5,1.0,169.0,22.52188873291016,0.0079517737030982,-79.78282031317602,40.458934521916326,267.786581867218,-0.0051471306942403,0.0067808106541633,-0.9602810144424438,0.2789051234722137,-0.0130484271530717,0.0252188547129893,0.0139392350803679,0.0045415475033223,0.0017502702539786,0.008598830550909,-0.1119232450146228,0.0214215943124145,-9.806809759140014,14932.0
162.61,1.0,172.0,22.51813125610352,-0.0079517737030982,-79.78282036420431,40.4589344958895,267.78090655136106,-0.0051170494407415,0.0067587862722575,-0.9602800011634828,0.2789095640182495,-0.0073467912699658,0.0221825287692832,0.0135793049921021,-0.008491494692862,-0.0015966936480253,-0.0111633725464344,-0.1180847210995853,0.0395353182312101,-9.805498813390733,14932.0
162.8,1.100000023841858,171.0,22.535659790039062,0.0079517737030982,-79.7828203147227,40.45893446581221,267.7836471729279,-0.0051505789160728,0.0067692045122385,-0.96025413274765,0.2789978384971619,-0.0109573023932989,0.0282294186310946,0.0148060923119871,-0.0025827640201896,-0.0014963591238483,-0.0007034482550807,-0.1160154462978243,0.0276594085386022,-9.806970557570455,14932.0
162.9,1.100000023841858,174.0,22.52814865112305,0.0,-79.78282036919717,40.45893443004946,267.7793620758057,-0.0051117348484694,0.0067507792264223,-0.9602506160736084,0.279011070728302,-0.0029937697680698,0.0263910486600323,0.0167589792225621,-0.0022355716209858,0.0029056204948574,-0.004985783714801,-0.1167320956662297,0.0392934810463339,-9.804973148703576,14932.0
163.1,1.100000023841858,176.0,22.52689552307129,0.0159035474061965,-79.7828203799664,40.45893437596681,267.77660834121707,-0.0051101660355925,0.0067498129792511,-0.9602272510528564,0.2790914177894592,-0.0020926845021092,0.0287252249617396,0.0189515270802074,-0.0075682289898395,-0.0016621924005448,-0.0081820702180266,-0.116572539769113,0.0383601832017302,-9.805304101109504,14932.0
163.2,1.100000023841858,181.0,22.53065299987793,-0.0079517737030982,-79.78282035812363,40.45893435411496,267.7784775428772,-0.0051174899563193,0.0067516239359974,-0.9602148532867432,0.2791337668895721,-0.0029794791252902,0.0315471048654761,0.0194323787218681,0.0070922272279858,0.0013077841140329,0.0020713387057185,-0.1131493056379258,0.0274880303023383,-9.80722023367882,14932.0
163.4,1.100000023841858,181.0,22.538164138793945,0.0238553211092948,-79.78282039400614,40.45893433576069,267.774914138794,-0.0051050353795289,0.006723164115101,-0.9602012634277344,0.2791815400123596,-0.0031492193417122,0.0247584272414188,0.0202486118729669,-0.0019101429497823,0.0019904372747987,-0.0059282253496348,-0.1144211389962584,0.0402598110912367,-9.806570608019827,14932.0
163.5,1.100000023841858,185.0,22.52814865112305,0.0159035474061965,-79.78282037313383,40.4589343175535,267.7769206695557,-0.0051233517006039,0.0067119658924639,-0.9601860642433168,0.2792337536811829,-0.0044890230145328,0.0276586750374366,0.0206862248617901,0.0028520599007606,0.003445316106081,0.0046710870228707,-0.1145202949829399,0.0214154889970086,-9.80689395904541,14932.0
163.7,1.100000023841858,185.0,22.538164138793945,0.0159035474061965,-79.78282033166539,40.45893430381437,267.7718011074066,-0.0051252166740596,0.0066955583170056,-0.9601696729660034,0.2792904078960419,-0.0125817983550617,0.0278775229031556,0.019132913710309,0.0039785760454833,0.00195271987468,0.008052316494286,-0.1151160166226327,0.029762357363943,-9.806459510922432,14932.0
163.8,1.0,185.0,22.53691291809082,0.0159035474061965,-79.78282029875614,40.45893428796897,267.7736929588318,-0.0051406999118626,0.0066777882166206,-0.960155725479126,0.2793386876583099,-0.0151400991910754,0.0309798366609352,0.0197642253280423,-0.0007740628207102,-0.0013102078810334,0.0027494546957314,-0.1141626737918704,0.0236140535026788,-9.806648375988008,14932.0
164.01,0.8999999761581421,184.0,22.538164138793945,0.0079517737030982,-79.78282033131894,40.4589342553592,267.7679804496765,-0.005118363071233,0.0066651282832026,-0.9601370692253112,0.2794034481048584,-0.0096032351827413,0.0283806452312389,0.017415347498233,0.0045084869489073,6.61471567582339e-05,0.0078098094090819,-0.1126881978660822,0.0229090551682747,-9.808267470002177,14932.0
164.1,0.8000000119209291,181.0,22.53691291809082,0.0159035474061965,-79.78282038967174,40.45893422759216,267.76062547492984,-0.005090813152492,0.0066418480128049,-0.9601272344589232,0.2794383764266968,-0.0025689809264859,0.0258362806305926,0.0152247359661566,-0.0049346969462931,3.539443059707992e-05,-0.0048677278682589,-0.1162365350034088,0.0301623274711892,-9.807107967138291,14932.0
164.3,0.8000000119209291,181.0,22.535659790039062,0.0318070948123931,-79.78282034459548,40.45893418769522,267.7637013130188,-0.0050755138508975,0.006643864326179,-0.960095763206482,0.279546707868576,-0.0058970074047816,0.0316737590371204,0.0165046741196573,0.0029646989423781,-0.0020139159169048,0.0002487476740498,-0.1122697199508548,0.0192866388335824,-9.808996617794037,14932.0
164.4,0.699999988079071,177.0,22.541921615600582,0.0079517737030982,-79.78282036228308,40.45893418273119,267.7561896972656,-0.0050590327009558,0.0066118603572249,-0.9600921869277954,0.2795598506927489,-0.0077471423201032,0.0289811030265627,0.014572413341864,-0.0039247306995093,-0.0029729604721069,-0.004541833885014,-0.1167604089807719,0.0376331047760322,-9.805323981642724,14932.0
164.6,0.699999988079071,178.0,22.545677185058597,0.0238553211092948,-79.78282036768842,40.458934148542255,267.75133191871646,-0.0050593200139701,0.0066137462854385,-0.9600680470466614,0.2796429693698883,-0.0073348428638922,0.0285211355580169,0.0140703588280803,0.0013252759817987,-0.0043572899885475,0.0013273183722048,-0.1127625854127109,0.0234659453574568,-9.809178466200828,14932.0
164.7,0.699999988079071,177.0,22.54317283630371,0.0159035474061965,-79.78282034045928,40.45893412970919,267.7527173690796,-0.0050692581571638,0.006622505839914,-0.9600609540939332,0.2796666920185089,-0.009515721517686,0.0313511256950727,0.014774686943249,-0.0039943549782037,0.0003316772636026,-0.0081161288544535,-0.1164173875562846,0.039461643313989,-9.805975946187974,14932.0
164.9,0.699999988079071,177.0,22.54317283630371,0.0159035474061965,-79.78282033465548,40.45893411504144,267.7456868820191,-0.0050834184512496,0.0065890382975339,-0.9600398540496826,0.279739648103714,-0.0125992128988081,0.0285512791104312,0.0108668758274553,-0.0040395269170403,-0.0016214454080909,-0.0026756541337817,-0.1121521817799657,0.02951253735926,-9.808058139681815,14932.0
165.01,0.699999988079071,177.0,22.539417266845703,0.0159035474061965,-79.78282030247917,40.45893409866464,267.7467421226502,-0.0050894669257104,0.0065967179834842,-0.9600273966789246,0.2797820568084717,-0.0142551224782037,0.0312439164020801,0.0114074953641898,0.0003155997837893,0.0010666857706382,-0.0013734163949266,-0.1122544532362371,0.0378793547814712,-9.80583853662014,14932.0
165.2,0.6000000238418579,175.0,22.541921615600582,0.0159035474061965,-79.78282032770274,40.45893409192711,267.741415851593,-0.0050850263796746,0.0065646599978208,-0.9600034356117249,0.2798651456832886,-0.0135141356759735,0.0259521417168004,0.0114512946774812,-0.003800825914368,-0.000809411285445,-0.0065161501988768,-0.1165735356230288,0.0320443497598171,-9.806388759613036,14932.0
165.31,0.6000000238418579,179.0,22.54692840576172,0.0079517737030982,-79.78282029636686,40.458934078002265,267.74253165054324,-0.0050719059072434,0.006553070154041,-0.959991216659546,0.2799074649810791,-0.0148172937875314,0.0283951720499108,0.0119352831754392,0.0031244095880538,-0.0027709731366485,0.001149462768808,-0.1158938607573509,0.0339331534481607,-9.806996870040894,14932.0
165.5,0.6000000238418579,180.0,22.545677185058597,0.0159035474061965,-79.78282038110623,40.458934053052175,267.7373183898925,-0.0050464547239243,0.0065416800789535,-0.9599721431732178,0.2799737453460693,-0.0071257128512427,0.0239251877721033,0.0120408821031608,-0.0044593447819352,-0.0016475977608934,-0.0035662343725562,-0.1178971351124346,0.0374689441965892,-9.80568475484848,14932.0
165.6,0.6000000238418579,186.0,22.551937103271484,0.0238553211092948,-79.7828204345287,40.458934041919605,267.7316886119844,-0.0050248680636286,0.0065363915637135,-0.9599621891975404,0.2800084054470062,-0.0025845867997924,0.0210052982686847,0.0114511615775887,0.0084144407883286,0.0022519696503877,0.0021586099173873,-0.1164529093913734,0.028449529542122,-9.808083282709124,14932.0
165.8,0.6000000238418579,183.0,22.551937103271484,0.0238553211092948,-79.78282039390845,40.45893401045316,267.7340668373108,-0.0050433157011866,0.0065385964699089,-0.959930419921875,0.2801167964935303,-0.0073290976191716,0.0264136204225733,0.0130810455925203,-0.0014214549446478,-0.0020956320222467,-0.0069816121831536,-0.1180331285577267,0.0395502469036728,-9.806513890028,14932.0
165.91,0.6000000238418579,181.0,22.54317283630371,0.0238553211092948,-79.78282046139455,40.45893400350307,267.7287336521149,-0.0050203897990286,0.0065240291878581,-0.959921419620514,0.2801484763622284,-0.0022185500846274,0.022154758865171,0.012244907800081,0.0079778553918004,0.0014099637046456,0.0092964461073279,-0.1136795475985854,0.0227086075907573,-9.807861673235896,14932.0
166.1,0.6000000238418579,181.0,22.55569267272949,0.0159035474061965,-79.78282049619975,40.458933997407534,267.72453796195987,-0.0050165150314569,0.006506270263344,-0.9599003195762634,0.2802211940288544,-0.0046817364850197,0.0191972753565056,0.0122151120548657,0.0017474920023232,0.0013875353615731,-0.0028750100173056,-0.1139407354127615,0.0363964483584277,-9.807763440012932,14932.0
166.2,0.699999988079071,184.0,22.55694580078125,0.0079517737030982,-79.78282047716436,40.4589339844274,267.7257617645264,-0.0050329742953181,0.0064993142150342,-0.959882378578186,0.2802825272083282,-0.0064067178358574,0.0219064103777803,0.012912893903509,0.0035827704705297,-0.0004526212287601,4.309223004383966e-05,-0.1125014889612794,0.0206094891484826,-9.808663911223412,14932.0
166.4,0.699999988079071,185.0,22.551937103271484,0.0159035474061965,-79.78282049754688,40.458933985114456,267.7192212276459,-0.0050519499927759,0.0064771398901939,-0.959863007068634,0.2803490161895752,-0.0103986860457304,0.0206178414950407,0.0091004700477001,0.0025177437346428,0.0052716475911438,0.0013957928167656,-0.1143128467351198,0.0322696320153772,-9.806761811971665,14932.0
166.52,0.8000000119209291,181.0,22.55569267272949,0.0079517737030982,-79.78282047179836,40.4589339739368,267.72013127136245,-0.0050714956596493,0.0064789615571498,-0.9598525166511536,0.2803847193717956,-0.0126700202648737,0.0234303516570751,0.0098372331343827,-0.0007063157390803,0.0001648346806177,0.0042518996633589,-0.1132356160227209,0.0225942762522026,-9.808189702033998,14932.0
166.7,0.8000000119209291,181.0,22.55819702148437,0.0159035474061965,-79.78282052147955,40.45893393362976,267.71701895523074,-0.0050726416520774,0.0064741955138742,-0.9598345756530762,0.2804461419582367,-0.0075993222577603,0.0254519901569774,0.0108738587130742,0.0053385398350656,-0.0008577990811318,0.0040174219757318,-0.113006021445617,0.0225687563535757,-9.80971933364868,14932.0
166.8,0.8000000119209291,182.0,22.55694580078125,0.0079517737030982,-79.78282049514566,40.458933917634056,267.7180999450684,-0.0050810384564101,0.0064877714030444,-0.9598225355148317,0.2804868221282959,-0.0105362245033715,0.0281888710061399,0.0116048966195139,-0.0041863559745252,0.0004557909269351,0.0006573930149897,-0.1133829475846141,0.0265573637047782,-9.80819437980652,14932.0
167.0,0.8999999761581421,174.0,22.54818153381348,0.0079517737030982,-79.78282056179832,40.45893389518425,267.7151783638001,-0.0050565139390528,0.0064878202974796,-0.959808111190796,0.2805366218090057,-0.0063021392734975,0.0255163612220951,0.0123583122028287,0.0056006633676588,0.0028115350287407,0.0035439147613942,-0.113009639410302,0.0202276613982394,-9.808666834831238,14932.0
167.1,0.8999999761581421,174.0,22.55444145202637,0.0159035474061965,-79.78282065428942,40.45893387018157,267.7109099559784,-0.0050328057259321,0.0064887963235378,-0.959805965423584,0.2805445492267609,-0.0005183589035206,0.0236515192717702,0.0123087412964101,-0.0041732126846909,-0.002280136803165,-0.0017754441360011,-0.1147441154345869,0.0286039668414741,-9.808673266768457,14932.0
167.3,0.8999999761581421,174.0,22.55569267272949,0.0079517737030982,-79.7828206165658,40.458933832326494,267.713428609848,-0.0050532543100416,0.0064739515073597,-0.9597775936126708,0.280641496181488,-0.0035488530145489,0.0285925967046048,0.0135999549276907,0.0039676120504736,0.0036445094738155,0.0031023491173982,-0.1125863740872591,0.0192229384439997,-9.80838616847992,14932.0
167.4,0.8999999761581421,178.0,22.55694580078125,0.0079517737030982,-79.78282067720244,40.4589338307194,267.7090107135773,-0.0050436095334589,0.0064473450183868,-0.9597740769386292,0.2806542217731476,-0.0060078965217879,0.0261825737164165,0.012918464098863,-0.0084881177172064,-0.0019558323547244,-0.0077622705139219,-0.1161572321411222,0.0353698257543146,-9.80715357542038,14932.0
167.6,0.8999999761581421,177.0,22.564456939697266,0.0159035474061965,-79.78282076350746,40.45893381482247,267.70806085395816,-0.0050453264266252,0.0064316308125853,-0.9597491025924684,0.280739814043045,-0.00189386198848,0.0196132464541008,0.0154667549380235,0.0017698915908113,-0.0004467541002668,0.0016893410356715,-0.1131855583749711,0.0200060610612854,-9.808303138017656,14932.0
167.71,0.8999999761581421,175.0,22.56320571899414,0.0079517737030982,-79.782820747056,40.45893380030395,267.7096110515595,-0.0050557581707835,0.0064377840608358,-0.9597356915473938,0.2807855308055877,-0.004480101477589,0.0222351530904952,0.0162774691781047,-0.0085347378626465,-0.0039984080940485,-0.0096184816211462,-0.1180518396478146,0.0398903173115104,-9.806628495454786,14932.0
167.9,0.8999999761581421,175.0,22.561954498291016,0.0079517737030982,-79.7828207270628,40.45893378485468,267.7112284832001,-0.0050581800751388,0.0064405584707856,-0.9597184062004088,0.2808443009853363,-0.0053450119979726,0.024475264508245,0.0168820399931566,0.0078085516579449,0.0052237077616155,0.0039019177202135,-0.1131181509420275,0.0261098986747674,-9.809123502373696,14932.0
168.1,0.8999999761581421,177.0,22.560701370239247,0.0079517737030982,-79.78282079019199,40.45893378100927,267.7087255649567,-0.0050364932976663,0.0064350119791924,-0.9596977829933168,0.2809153795242309,-0.0080247577122106,0.0209659767449185,0.0157868544788974,-0.0011648180661723,0.0014143968001008,-0.0075987689197063,-0.1166904616635292,0.0418014614749699,-9.8058139783144,14932.0
168.2,0.8999999761581421,179.0,22.564456939697266,0.0,-79.78282083382129,40.45893379415688,267.7064799003601,-0.0050439625047147,0.0064197764731943,-0.9596711993217468,0.2810063362121582,-0.0135295025641667,0.0171830089916132,0.0145459118143124,-0.0066962800920009,-0.0008650583331473,-0.0051527321338653,-0.1151123255677521,0.0315147404861636,-9.808347576856614,14932.0
168.4,0.8999999761581421,179.0,22.56696128845215,0.0079517737030982,-79.78282080816066,40.45893378694164,267.7079292469025,-0.0050285146571695,0.0064176558516919,-0.9596581459045408,0.2810515761375427,-0.0147403344859134,0.0194322648379728,0.0152294417051503,0.0019231513142585,-4.39447358075995e-05,0.0007246987661346,-0.1156811226066202,0.0382842516247183,-9.807300340533256,14932.0
168.5,0.8999999761581421,176.0,22.55694580078125,0.0079517737030982,-79.78282091375334,40.4589337149234,267.70576917457583,-0.0049984422512352,0.0064003244042396,-0.9596359729766846,0.2811279892921448,-0.0052506062129423,0.0247580868771019,0.0149386542003023,-0.0038218416739255,-0.004405771382153,-0.0090816784650087,-0.1151605742331594,0.0399915426643565,-9.807648834586145,14932.0
168.61,0.8999999761581421,175.0,22.568214416503903,0.0159035474061965,-79.78282089343689,40.45893369822989,267.7072392635346,-0.0049824402667582,0.0063919816166162,-0.9596288800239564,0.2811526656150818,-0.0059536567992317,0.026715968101501,0.0154088662274627,0.0064704339019954,0.002269557211548,0.0028720132540911,-0.113884465098381,0.029310120914597,-9.807337177991869,14932.0
168.8,0.8999999761581421,175.0,22.57071876525879,0.0159035474061965,-79.78282099861637,40.45893369346768,267.7078391246796,-0.0049781436100602,0.006384078413248,-0.9595994353294371,0.2812534272670746,-0.0051643635883847,0.0205795818809276,0.018152142980362,-0.0021811155602335,0.0011849525617435,-0.0057822936214506,-0.1170726411603391,0.0426091264095157,-9.806438460946085,14932.0
168.9,0.8999999761581421,175.0,22.565710067749023,0.0079517737030982,-79.78282111658825,40.458933667213785,267.7067516975403,-0.0049619916826486,0.0063828872516751,-0.9595975875854492,0.2812598943710327,0.0025997672388635,0.0189380468577519,0.0191320000264512,0.0063744075596332,0.0022216169163584,0.0081800865009427,-0.1129809880536049,0.0207777907443232,-9.809402999281884,14932.0
